2	0.019978991	0.022582225	0.020374578	0.021236516	0.023129936	0.025476306	0.027004673	0.030170283	0.026312105	0.03572357	0.031363138	0.031303732	0.0330809	0.034397001	0.031604706	0.033886188	0.033063049	0.033906191	0.03365427	0.031085488	0.021762253	0.015796241	0.015478533	0.01646078	0.015461318	0.016500051	0.014081791	0.015524678	0.020831886	0.020853934	0.021256164	0.023420262	0.022912746	0.025184653	0.025202227	0.024600491	0.023482978	0.024361926	0.024932674	0.024701871	0.025845633	0.02320307	0.026979406	0.027167084	0.02546974	0.02621443	0.027386167	0.027170257	-999
3	0.040294945	0.046763393	0.056088714	0.060324513	0.064211179	0.073283595	0.082027407	0.100999246	0.127952074	0.130336836	0.141704644	0.184581591	0.199479043	0.197708095	0.206396841	0.233147126	0.230231882	0.243056581	0.24100374	0.258054582	0.272959929	0.279409171	0.280407043	0.270282544	0.282006908	0.273055143	0.279811395	0.289580066	0.309122504	0.314001201	0.314645205	0.336559385	0.357681783	0.362123402	0.377097753	0.403801383	0.42850613	0.433562743	0.474154742	0.48448118	0.503982957	0.551153978	0.57095098	0.622861351	0.651674957	0.64631812	0.665167484	0.70881192	-999
6	0.044793522	0.048221926	0.048047013	0.049083954	0.047933504	0.047372334	0.04670576	0.051376086	0.052089455	0.053074584	0.053427317	0.052699498	0.05416592	0.054724998	0.058043999	0.058715341	0.060133803	0.062574321	0.063967203	0.0684328	0.070071478	0.070463941	0.072975737	0.073971161	0.07327546	0.074736754	0.075679129	0.074729567	0.077837876	0.079207951	0.081997592	0.085090345	0.091148215	0.094010916	0.087237593	0.098345273	0.106217527	0.114859697	0.125507558	0.130432661	0.135210794	0.152145057	0.153238037	0.202215589	0.177816095	0.171302752	0.170851771	0.178877967	-999
9	0.373764587	0.390477917	0.404215899	0.419223233	0.413277872	0.427361051	0.44079395	0.452590807	0.471773447	0.468366852	0.458131968	0.458509951	0.475495622	0.4850072	0.465200319	0.486440793	0.511924996	0.530609206	0.516509451	0.510310186	0.531291923	0.546550872	0.562988624	0.609200766	0.607977703	0.62787793	0.648239951	0.690535243	0.707845531	0.70401629	0.655186523	0.648206808	0.701606877	0.779052127	0.773215327	0.813299922	0.853622891	0.881999921	0.810482189	0.870122428	0.899682657	0.925135111	0.948204778	0.950258747	0.964595902	0.959015709	0.959020927	0.931660053	-999
10	-999	-999	-999	-999	-999	-999	-999	-999	-999	-999	-999	-999	-999	-999	-999	-999	-999	-999	-999	0.089657003	0.094504465	0.048043415	0.025500361	0.016034532	0.019130213	0.020714905	0.021656225	0.022056864	0.021325495	0.023432294	0.023329178	0.02182356	0.023043173	0.024363883	0.029220794	0.029759516	0.033182541	0.034941346	0.030357214	0.028882589	0.031585452	0.034552736	0.033733383	0.035368988	0.036619871	0.035183492	0.037104326	0.035858964	-999
12	0.600276693	0.618403552	0.663573114	0.685356935	0.702210848	0.71905044	0.771014325	0.773095434	0.790647756	0.809519593	0.815038963	0.850422647	0.814230636	0.840965409	0.847646604	0.860669756	0.901014497	0.919077111	0.97728572	1.001793028	0.989996879	1.008364651	1.060599364	1.06177679	1.075936261	1.150896391	1.177927051	1.20858337	1.234954843	1.257279754	1.229855952	1.273002529	1.287951826	1.31026472	1.319831235	1.371631096	1.409220307	1.46249084	1.464571602	1.468178988	1.476641634	1.460452021	1.481517301	1.474148294	1.472155932	1.469824827	1.484219483	1.488963431	1.540160909
13	0.218828675	0.230528623	0.249774415	0.241315269	0.234017462	0.252266879	0.246243195	0.25445452	0.275609735	0.269297245	0.255016536	0.249317391	0.250072977	0.259758447	0.268496347	0.269546394	0.279686655	0.282716282	0.278177156	0.289340823	0.308033331	0.295974369	0.299366775	0.298549837	0.311872443	0.331437762	0.329036689	0.334613664	0.333881825	0.332699737	0.351557653	0.354491665	0.373719556	0.379760087	0.390820686	0.39471279	0.386869916	0.38994428	0.370557857	0.395361661	0.383292354	0.381994001	0.387676044	0.372658348	0.380976419	0.384219715	0.392770868	0.381877957	0.384998941
14	-999	-999	-999	-999	-999	-999	-999	-999	-999	-999	-999	-999	-999	-999	-999	-999	-999	-999	-999	0.263606237	0.261164734	0.211621175	0.189636509	0.172106131	0.161718171	0.136677561	0.131677813	0.136689636	0.12712339	0.131384	0.133125643	0.134461129	0.141426496	0.148722906	0.156178629	0.153917592	0.140900491	0.154977258	0.138855882	0.134765465	0.1461141	0.159264988	0.161459754	0.166601019	0.166990602	0.165408875	0.166741637	0.167214912	-999
16	0.016387088	0.015917374	0.023670061	0.026399669	0.024807129	0.031634589	0.028879607	0.029517458	0.03514729	0.032632883	0.036100601	0.040725362	0.039214416	0.041843896	0.048409615	0.051744897	0.049692434	0.056748914	0.057436767	0.060786058	0.059902482	0.066378589	0.069099545	0.073730932	0.074598769	0.074170166	0.084326004	0.088268842	0.088120956	0.092704466	0.094682696	0.099047792	0.103329467	0.105444481	0.1191191	0.128723224	0.137326532	0.145667351	0.141374208	0.145952236	0.145295868	0.144043142	0.158910519	0.160663986	0.163914136	0.162457751	0.162850917	0.165738261	-999
17	0.06613605	0.068310278	0.073758704	0.076572325	0.078248619	0.083227345	0.08520157	0.088127632	0.091575756	0.097732979	0.099807184	0.105372477	0.107898562	0.109370204	0.115760542	0.123909026	0.122018117	0.134097483	0.140817126	0.14831395	0.146134339	0.154143627	0.160711377	0.169981364	0.183649411	0.185202948	0.193263984	0.199262104	0.207044944	0.215362436	0.236128523	0.24203391	0.251058108	0.256573318	0.269376629	0.287401801	0.300614211	0.312159625	0.328820073	0.34950384	0.36270497	0.379571821	0.394134634	0.409422047	0.443389658	0.464482542	0.472753836	0.487302338	-999
19	-999	-999	-999	-999	-999	-999	-999	-999	-999	-999	-999	-999	-999	-999	-999	-999	-999	-999	-999	0.52992255	0.516337042	0.43102198	0.367211022	0.312063105	0.288784358	0.296734243	0.296058078	0.290170502	0.282656336	0.287438336	0.288771866	0.294408774	0.30285367	0.313088586	0.312912199	0.333120021	0.326234153	0.326643322	0.309235129	0.320085274	0.340000145	0.354575512	0.316107651	0.322156936	0.293621501	0.291424225	0.296980652	0.313584729	-999
20	0.461257366	0.505304845	0.534871384	0.524822193	0.492189822	0.527820898	0.524732975	0.552345377	0.570043012	0.543909307	0.506273621	0.48238014	0.476405387	0.496906988	0.512932508	0.531510493	0.542767511	0.549413603	0.554669194	0.556918698	0.582048891	0.589065268	0.57445059	0.610100966	0.620319935	0.652931726	0.655237484	0.666947853	0.667307154	0.67515076	0.67068658	0.648632454	0.676924901	0.679147774	0.675433337	0.667248581	0.654256348	0.674253099	0.646733783	0.695722785	0.650994784	0.622180544	0.648731928	0.611947039	0.610350785	0.646570891	0.642976532	0.618702503	0.642214634
22	0.012852358	0.013463232	0.013752266	0.014053221	0.01446567	0.014024501	0.01452226	0.015091369	0.015348838	0.015733555	0.015705757	0.016250581	0.016705112	0.017113352	0.017944695	0.018113739	0.018366607	0.018839701	0.018950924	0.019323265	0.019616019	0.02010401	0.020576431	0.021023176	0.021485587	0.025018173	0.025956852	0.0256037	0.026709107	0.023062112	0.024525918	0.026309059	0.027746995	0.02896815	0.0290703	0.034301265	0.037293772	0.038121693	0.039997635	0.041446481	0.041426777	0.041867675	0.045675625	0.047116983	0.050139941	0.055648557	0.057733079	0.060959746	-999
25	0.011870523	0.01312137	0.013878084	0.01486298	0.017221253	0.018862979	0.020172031	0.021867264	0.024077744	0.028431832	0.029845567	0.031381058	0.029769126	0.029687248	0.029311266	0.027707994	0.025670829	0.026824967	0.02857523	0.030364685	0.031302113	0.033154989	0.035445895	0.039017296	0.043786226	0.048651912	0.053242118	0.053522963	0.052753208	0.044694738	0.04394651	0.043825925	0.050638398	0.0517823	0.056011432	0.058447899	0.063691053	0.066705809	0.069297597	0.074768642	0.081022282	0.084321073	0.089651612	0.095995806	0.098268243	0.103798745	0.107261571	0.109125977	-999
26	-999	-999	-999	-999	-999	-999	-999	-999	-999	-999	-999	-999	-999	-999	-999	-999	-999	-999	-999	0.081616149	0.073463406	0.051741595	0.043106595	0.016689952	0.017377393	0.020297381	0.031336097	0.038946798	0.038540264	0.050547261	0.04884765	0.051244799	0.051160744	0.055931329	0.058615894	0.061640492	0.061687385	0.069333983	0.072309314	0.075378359	0.083103171	0.077735123	0.07506041	0.069754319	0.071823364	0.078562723	0.078413777	0.086853703	-999
27	0.00194785	0.002110873	0.002329734	0.002533326	0.002903311	0.003991971	0.004601705	0.004943625	0.005544979	0.005964132	0.008778599	0.009200496	0.009287782	0.009478157	0.010011686	0.010965753	0.010904884	0.012833391	0.013714282	0.014169776	0.014431584	0.01663072	0.016680978	0.016437003	0.016833724	0.016423026	0.017231428	0.019451417	0.020086635	0.020880542	0.021125451	0.021458776	0.021389856	0.02103425	0.021706929	0.022451585	0.02322105	0.024584005	0.022932463	0.0250804	0.024059643	0.027239536	0.028765735	0.031461188	0.031423816	0.030266616	0.03227296	0.033046851	-999
28	0.811675982	0.869971392	0.953543172	1.014795279	1.059552379	1.112174958	1.149405439	1.223072441	1.300487036	1.324436252	1.270553898	1.291897514	1.32425527	1.40956306	1.505181822	1.575678328	1.636984618	1.6590565	1.692537455	1.631725279	1.662517635	1.679907053	1.722019587	1.812846545	1.874933876	1.974711262	2.07505768	2.124898517	2.173251687	2.182585075	2.221280431	2.280757789	2.318291473	2.44800566	2.509848543	2.597160596	2.744254903	2.897814846	2.801985332	3.099782167	3.141731407	3.265146989	3.412205883	3.518314943	3.447164794	3.321638881	3.383474356	3.338118094	3.388544523
31	0.00206194	0.002040823	0.00400695	0.0069081	0.008612426	0.011355998	0.012277286	0.011474825	0.011937103	0.015700977	0.015117232	0.016252492	0.017166491	0.019779953	0.020732539	0.018208252	0.01868132	0.015529059	0.018031549	0.020089382	0.022716129	0.024425574	0.023513311	0.021816681	0.026139529	0.026312806	0.027175792	0.027060563	0.02759085	0.027737778	0.0256817	0.025095763	0.029139049	0.026717128	0.025800285	0.036660733	0.037541161	0.041210284	0.035395764	0.037693722	0.04505272	0.044553378	0.035388645	0.041342208	0.031608132	0.034848827	0.042000458	0.042986526	-999
32	0.221261891	0.225693655	0.238447155	0.246742147	0.265152849	0.273085043	0.290553827	0.304184043	0.315974254	0.317654041	0.31088533	0.32138672	0.325387259	0.327149257	0.329725206	0.335031818	0.33066118	0.331827461	0.324231152	0.325400113	0.259968372	0.237847828	0.255057338	0.247275698	0.268374955	0.267025035	0.241856649	0.234022831	0.212983942	0.216346968	0.225369559	0.219654773	0.225121213	0.219017772	0.231367921	0.237871279	0.233904895	0.230749037	0.202398635	0.206266632	0.22209426	0.212215294	0.196666439	0.206961474	0.21509255	0.209759449	0.216504285	0.215109094	-999
35	-999	-999	-999	-999	-999	-999	-999	-999	-999	-999	-999	-999	-999	-999	-999	-999	-999	-999	-999	-999	-999	-999	-999	-999	0.032996554	0.034509253	0.035069877	0.039922983	0.039973088	0.039691327	0.039897726	0.046461538	0.047863776	0.039423852	0.039929432	0.039844751	0.040374599	0.04006092	0.059151398	0.06200922	0.064458613	0.067354714	0.069548877	0.074033356	0.081833695	0.08826372	0.094071956	0.095416576	-999
36	0.031348486	0.032044876	0.032751794	0.033652613	0.035310274	0.03583264	0.038346742	0.039612147	0.041102422	0.042519599	0.044633657	0.046684635	0.048342437	0.049913337	0.051849955	0.052619414	0.053599022	0.055305731	0.057345716	0.057934417	0.058497202	0.059134051	0.061179024	0.063307144	0.064408357	0.066000546	0.067882754	0.069837891	0.070377999	0.073393585	0.07425915	0.078130146	0.081327036	0.08393138	0.084577341	0.078201507	0.073738531	0.07438714	0.080421139	0.081034659	0.082092236	0.083092401	0.079766108	0.088807051	0.10605126	0.107075629	0.109163002	0.112309974	-999
37	1.644028092	1.77363302	1.853300249	1.880767409	1.930051708	1.989234002	2.050675993	2.107502509	2.213028897	2.232533742	2.180848207	2.095531474	2.087807846	2.194621243	2.244699797	2.283254232	2.359272899	2.457291896	2.526474506	2.457156617	2.451259478	2.50891353	2.592200655	2.684132336	2.720074802	2.774071962	2.803133325	2.789187065	2.866399567	2.950024001	2.907643401	2.916296334	3.069986152	3.146842363	3.186517425	3.234941728	3.23173985	3.151084654	3.029310518	3.032840884	3.100804136	3.125412577	3.188038659	3.272141856	3.286517175	3.319330343	3.426448531	3.460858694	3.512743854
42	0.101230929	0.102793942	0.09886471	0.09815232	0.088767588	0.093994201	0.097412306	0.100886172	0.10669148	0.110238359	0.111990489	0.102692306	0.106179443	0.11171157	0.111451884	0.116452526	0.12019506	0.136051775	0.152505321	0.162939487	0.166607552	0.180168706	0.184645421	0.198526097	0.213325364	0.236287876	0.264584337	0.273968827	0.291093458	0.292724198	0.28725718	0.297379166	0.300470031	0.319992682	0.329902074	0.343390654	0.356165263	0.35276131	0.343386794	0.358812283	0.390957286	0.432652736	0.447908678	0.404343188	0.413033435	0.439833407	0.445871879	0.454302985	0.468930864
43	0.116869848	0.134409915	0.153275341	0.150085524	0.167070333	0.207487339	0.225786658	0.269114619	0.295329625	0.324657434	0.298797871	0.31041968	0.351096382	0.368928011	0.383778496	0.414433905	0.449002361	0.49280151	0.51966044	0.553571312	0.599121149	0.624935096	0.66915642	0.70184562	0.73792503	0.776095957	0.82062036	0.877077397	0.913458915	0.987562088	1.005904489	1.052173679	1.095862249	1.110883657	1.135096837	1.167212027	1.219316601	1.171574699	1.166858429	1.23153371	1.22641433	1.221524507	1.243017211	1.268557518	1.242696475	1.263355226	1.249127584	1.282528826	-999
43	4.548313996	4.784180581	4.961863772	5.091057662	5.62218945	5.814733522	6.333795979	6.86328833	6.976787736	6.955432688	6.902790936	7.118804628	7.401859425	7.851246403	8.040627391	8.32804989	8.755287794	9.229405211	9.421149756	10.16035036	9.862187476	10.19757195	10.80204656	11.31332277	12.14687262	12.48450608	12.47958437	12.54185874	12.7769239	13.14038388	13.58718348	14.48868839	16.51047321	18.77842757	20.71788836	22.66430236	24.39444173	25.0504519	26.71254356	29.49597467	31.6579883	32.7954701	33.85185084	34.47909334	34.79033816	34.55089256	35.64492904	37.17416258	-999
43	0.034753973	0.036302956	0.036694816	0.040420046	0.042022562	0.04678553	0.053006302	0.058348291	0.052434686	0.053568368	0.059725039	0.06599736	0.071432003	0.072326447	0.076202228	0.087843993	0.095073645	0.107631651	0.109502274	0.099848535	0.103600268	0.123145367	0.122075116	0.123236669	0.122706188	0.120915243	0.116261786	0.151912948	0.186360186	0.157532193	0.164220747	0.152368446	0.156766785	0.14720586	0.145627383	0.153609169	0.165534541	0.162379953	0.170936892	0.158715126	0.171369017	0.165553456	0.161898221	0.164323963	0.174504591	0.17978713	0.162993576	0.164482347	-999
44	0.161108363	0.161253245	0.162203668	0.171780661	0.179525613	0.186678132	0.192236341	0.191340526	0.186837234	0.205814553	0.208478569	0.214392416	0.221410203	0.228834411	0.232329978	0.253124449	0.261693712	0.269595409	0.27178133	0.281726869	0.284797654	0.291194566	0.303584325	0.316088299	0.32115478	0.328382816	0.319092192	0.33215971	0.298423219	0.299062073	0.298949575	0.293238324	0.299386058	0.301560611	0.315258184	0.332511727	0.330540685	0.347455393	0.360888105	0.354623929	0.363570721	0.351897363	0.460331642	0.466344635	0.471664129	0.489578615	0.469142782	0.451895237	-999
46	0.077686522	0.079698916	0.082473238	0.084728837	0.086902166	0.088240894	0.091009597	0.093546015	0.097641328	0.098474196	0.103298192	0.103452185	0.110182406	0.115791642	0.115766344	0.118088873	0.122878953	0.127416528	0.130665582	0.137244165	0.137410264	0.139900071	0.142742003	0.143246911	0.149293274	0.154386021	0.157090356	0.160918978	0.161354183	0.161810109	0.167217065	0.173069478	0.179499962	0.1866243	0.193829311	0.201176513	0.208468845	0.21617221	0.222703302	0.230873722	0.245216282	0.302871659	0.318256336	0.334072902	0.336002506	0.344439745	0.346139093	0.350880263	-999
47	0.005914763	0.006126719	0.006194468	0.006316371	0.00643289	0.007046614	0.006704239	0.006963936	0.006958028	0.007208874	0.00743111	0.007879755	0.008826435	0.008541236	0.008892201	0.008749293	0.00889235	0.008654566	0.008985215	0.009157336	0.009561344	0.009445308	0.009504381	0.008196822	0.009358612	0.008818923	0.008439522	0.008446429	0.008315506	0.008256493	0.009255735	0.009323234	0.011002624	0.011683178	0.012640312	0.016499777	0.014654783	0.015681608	0.017906129	0.019504271	0.025969797	0.029763208	0.031327281	0.030922502	0.032589785	0.033941425	0.033964289	0.034536633	-999
49	0.009380238	0.010017599	0.010901858	0.010661958	0.011553044	0.011651844	0.013567198	0.01468319	0.015168502	0.014597323	0.013705755	0.013363199	0.013145747	0.014262678	0.014683015	0.015394603	0.016408298	0.016811503	0.018719878	0.019503856	0.020697077	0.026727554	0.027272494	0.02687	0.027419467	0.027538158	0.027885331	0.027724712	0.03057297	0.033420159	0.033620336	0.035521041	0.037928598	0.0450328	0.045043617	0.048967462	0.051694211	0.051959633	0.052444379	0.052916975	0.053227371	0.055198209	0.058144235	0.058995816	0.057404478	0.059088909	0.058375764	0.056563993	-999
50	0.028554994	0.030300472	0.03130053	0.032674774	0.03443003	0.037115147	0.037841523	0.040465056	0.040932334	0.041570053	0.041396914	0.041195914	0.040193073	0.040946739	0.043003952	0.047720526	0.048782155	0.049652466	0.051388292	0.050541712	0.051992423	0.056704079	0.058723124	0.060172782	0.059948752	0.067338616	0.068711422	0.068538293	0.081715046	0.078979098	0.075959963	0.08118917	0.076753274	0.10816497	0.111884874	0.110024106	0.118420668	0.119023456	0.109074227	0.096660015	0.110175138	0.120683478	0.124258735	0.125144979	0.112714688	0.118378057	0.122054781	0.120823434	-999
51	-999	-999	-999	-999	-999	-999	-999	-999	-999	-999	-999	-999	-999	-999	-999	-999	-999	-999	-999	0.110072149	0.095005351	0.086995117	0.08991287	0.088149003	0.09092786	0.093858042	0.099262449	0.102548906	0.101317773	0.097539044	0.101244685	0.104159026	0.111748984	0.111692485	0.113369797	0.112738737	0.117231011	0.114289592	0.110516148	0.109184413	0.106566253	0.100311598	0.098207328	0.09353581	0.097666981	0.098500887	0.101737121	0.098936765	-999
52	0.121978576	0.117451005	0.12544877	0.132871013	0.136405099	0.143226041	0.155745461	0.165016644	0.169198659	0.170289176	0.171270945	0.17358551	0.182922203	0.178973722	0.17787798	0.177263792	0.184796506	0.194103276	0.212997712	0.202470232	0.167536803	0.14678926	0.122607777	0.126354123	0.126322387	0.137939283	0.141720648	0.132852201	0.138219876	0.148144078	0.144743798	0.134873104	0.13420447	0.131167057	0.124094636	0.123899559	0.117944549	0.12522912	0.121249929	0.131518233	0.127553998	0.130271572	0.123719291	0.125441048	0.128027904	0.125883162	0.12053633	0.120891981	-999
53	0.006829466	0.008681644	0.0090942	0.006908308	0.006568097	0.007635267	0.008315781	0.008796996	0.009554987	0.010055877	0.009875342	0.010037987	0.010417233	0.010769756	0.010694491	0.0120989	0.013759815	0.014065832	0.014638419	0.015876274	0.016201925	0.01823858	0.01958199	0.022375589	0.01971152	0.021916272	0.021474849	0.022983465	0.023104906	0.02485267	0.024588482	0.02492499	0.027117922	0.025402493	0.025810972	0.026847152	0.028357118	0.030046012	0.029444978	0.028453613	0.027598156	0.025970947	0.022517794	0.022991233	0.023536845	0.025119644	0.025956115	0.026065851	-999
54	0.527818026	0.52947777	0.525206821	0.487167955	0.507929837	0.522623949	0.558481407	0.527506548	0.562938146	0.546053606	0.547179797	0.555832428	0.557885118	0.569589808	0.572739715	0.582064468	0.599006045	0.587172348	0.570910212	0.579213867	0.525985906	0.512286822	0.496236863	0.479132994	0.48554265	0.500664194	0.504539425	0.488209807	0.455560261	0.479641317	0.492031768	0.498240351	0.520134214	0.532083635	0.526256753	0.538168754	0.537251395	0.526576096	0.495288967	0.524856824	0.505902565	0.502358513	0.50271013	0.487716865	0.488441098	0.482692252	0.503904528	0.503569346	0.494691981
55	0.215217478	0.224001068	0.220871628	0.204759677	0.203209815	0.220966949	0.226660351	0.231195629	0.239226429	0.222544074	0.201411109	0.203701238	0.192308465	0.199357369	0.224457563	0.227701712	0.227772062	0.217290653	0.203809614	0.201902015	0.223895093	0.214231106	0.219998075	0.227680832	0.225590002	0.255267651	0.236545731	0.232716876	0.22299793	0.216861738	0.223479631	0.221154181	0.233851422	0.226317914	0.21971261	0.235896522	0.230358464	0.224473086	0.213966435	0.226696048	0.209269909	0.200844929	0.201212636	0.189355391	0.189307282	0.193711113	0.195866911	0.197990666	0.192216566
58	0.027223628	0.031743397	0.033342776	0.035083987	0.035832804	0.037031347	0.037889364	0.038855086	0.040373431	0.039948067	0.041330147	0.042204937	0.044872255	0.04725932	0.039382159	0.040863558	0.046289128	0.044311881	0.043698609	0.046670493	0.04704182	0.052169422	0.050547681	0.058064975	0.060986345	0.063654247	0.071034488	0.075424469	0.07827343	0.085408056	0.083014991	0.090674528	0.081775522	0.079050519	0.082544914	0.085619763	0.088860045	0.085563143	0.08355221	0.087907508	0.089796693	0.092272246	0.089958386	0.088970868	0.096234901	0.102911015	0.10181334	0.107337848	-999
59	0.026017774	0.026962912	0.027353049	0.033140252	0.036542895	0.040647933	0.048720892	0.050182089	0.052978845	0.05810813	0.060444169	0.065073048	0.060330933	0.064601077	0.065308911	0.065033856	0.06659422	0.069741729	0.066680299	0.073619578	0.077378478	0.078320692	0.073030679	0.078167027	0.091536698	0.096412411	0.100088596	0.102844055	0.092535178	0.094262791	0.100383776	0.108380698	0.119551506	0.12286764	0.133192309	0.13076679	0.143616796	0.127083489	0.14116508	0.149675495	0.157302931	0.155997059	0.165364961	0.180926603	0.174512094	0.167228618	0.172176646	0.17005629	-999
60	0.100030702	0.109544917	0.102569282	0.114211576	0.123698024	0.141926928	0.153409934	0.158416418	0.172906413	0.184250904	0.213563887	0.232622243	0.257620345	0.284587939	0.306757256	0.314991854	0.335177963	0.343151391	0.36610159	0.384576843	0.384513634	0.395194829	0.409411042	0.393638429	0.418793051	0.443639573	0.461548201	0.493237657	0.503035788	0.476505115	0.542434723	0.556117437	0.577837274	0.631117436	0.725694422	0.766553563	0.818304957	0.848417895	0.867895164	0.859478805	0.894650511	0.921341001	0.903373735	0.93659546	0.938551339	1.025482446	1.081484854	1.11204922	-999
61	0.02037816	0.021785974	0.023025147	0.023543611	0.026288853	0.030357047	0.031324701	0.033167846	0.032349698	0.029299553	0.031659282	0.032694345	0.031427342	0.03207843	0.030525396	0.026510417	0.029584568	0.027604543	0.028297229	0.02871424	0.03157122	0.032954444	0.034689038	0.036739853	0.039084167	0.037335868	0.041346855	0.042512841	0.044104413	0.037126212	0.039425047	0.04055343	0.043419442	0.043828291	0.044973666	0.047954901	0.048543886	0.04924541	0.04849561	0.049192959	0.049048574	0.049877429	0.04712788	0.04652013	0.048497146	0.049535017	0.04875435	0.05024575	-999
62	-999	-999	-999	-999	-999	-999	-999	-999	-999	-999	0.000577772	0.000568605	0.00047277	0.000546103	0.000531943	0.000543616	0.000567789	0.000640553	0.000724991	0.000676377	0.000677225	0.000677771	0.000702223	0.000715288	0.000728052	0.000812788	0.000948884	0.000880269	0.001054167	0.003109151	0.004474448	0.012777566	0.013447201	0.018347181	0.02856723	0.033374297	0.028811809	0.036053029	0.037060223	0.037740164	0.040056208	0.041413616	0.036748705	0.031690255	0.026552328	0.020957861	0.022900158	0.028247834	-999
63	-999	-999	-999	-999	-999	-999	-999	-999	-999	-999	-999	-999	-999	-999	-999	-999	-999	-999	-999	-999	-999	0.010204936	0.010713797	0.011051263	0.011605014	0.012181668	0.012104637	0.007869024	0.008159262	0.008233898	0.008627387	0.008705708	0.009322643	0.008648852	0.008902792	0.008089103	0.008354085	0.007885611	0.008412267	0.008638421	0.008785298	0.00896766	0.009092919	0.009200708	0.009313137	0.009430363	0.009746668	0.010133527	-999
64	-999	-999	-999	-999	-999	-999	-999	-999	-999	-999	-999	-999	-999	-999	-999	-999	-999	-999	-999	0.111556364	0.103720613	0.075975061	0.063254925	0.063780206	0.06014629	0.066569664	0.065279244	0.059564262	0.055985708	0.054849389	0.057237679	0.054780055	0.060560402	0.061711462	0.060643543	0.059167772	0.066213985	0.063919837	0.05666516	0.065635283	0.065526547	0.064315726	0.070974224	0.06737727	0.063594125	0.069716893	0.066399191	0.07289581	0.060556533
65	0.125936453	0.129137584	0.133172963	0.136542911	0.138842927	0.141186901	0.142992028	0.145251135	0.14763039	0.150549652	0.154467981	0.158233684	0.163291065	0.168007116	0.173342463	0.179779996	0.186900173	0.192866639	0.199600228	0.207100694	0.214078296	0.218585403	0.228096398	0.237159731	0.246208397	0.254741403	0.261894216	0.269964262	0.277427181	0.286203018	0.297587017	0.30641174	0.316401002	0.326000583	0.333507547	0.343868585	0.355363228	0.36677376	0.377153964	0.387800019	0.402200868	0.414364963	0.430112794	0.448555389	0.458898401	0.475532853	0.488747827	0.503502086	-999
69	0.211302385	0.225994021	0.244614647	0.239152358	0.229146661	0.24512018	0.248911248	0.257824616	0.275049836	0.28608748	0.275467642	0.269762699	0.272411344	0.278791863	0.300445233	0.313592108	0.341904108	0.321601544	0.332191243	0.3300691	0.334864069	0.315533021	0.33098755	0.353447074	0.336345634	0.361782252	0.375221632	0.37875474	0.377516676	0.376676906	0.386510179	0.406618419	0.428766647	0.433469485	0.399984581	0.435262411	0.428640625	0.41178616	0.388994403	0.425633521	0.409320004	0.39495133	0.388863706	0.397062007	0.376977839	0.393699899	0.388951834	0.395255754	0.394193318
70	1.844214021	1.946845881	2.095038917	2.02778631	1.918544124	2.048018892	2.009893517	2.143179776	2.232839833	2.230326263	2.178430345	2.125683811	2.181110802	2.259475877	2.370446634	2.407236914	2.467257884	2.456619649	2.557805409	2.603314637	2.751631289	2.704340489	2.74917236	2.645018256	2.754915143	2.911000023	2.82182564	2.903965835	2.899226594	2.92770391	3.027894903	3.035361565	3.112093989	3.157318957	3.171040884	3.119708269	3.085516041	3.099315106	2.965322425	3.057120373	3.000487409	2.998406719	3.009293955	2.893302033	2.937927943	2.88335762	2.878974067	2.865087479	2.807477016
73	0.012450264	0.012531185	0.016798292	0.018301924	0.015104932	0.014488077	0.015797055	0.017928156	0.015870223	0.015982333	0.017933487	0.018461072	0.018988663	0.017664625	0.015817436	0.0158053	0.014996656	0.015858072	0.014768209	0.013741778	0.014190142	0.015168169	0.016048361	0.014226312	0.015600415	0.01624406	0.016444792	0.017492723	0.017026666	0.017105783	0.018362586	0.022166244	0.026059601	0.030246082	0.034943658	0.039305905	0.043783384	0.048192208	0.052700976	0.059145652	0.047581902	0.042005553	0.061735505	0.059982768	0.060583272	0.060896497	0.057989595	0.057199078	-999
74	-999	-999	-999	-999	-999	-999	-999	-999	-999	-999	-999	-999	-999	-999	-999	-999	-999	-999	-999	0.144393988	0.116940777	0.100717777	0.088446245	0.054488907	0.043330239	0.043572398	0.038240469	0.03535146	0.032363038	0.033371721	0.029897238	0.029588454	0.031464915	0.032339931	0.03303832	0.035260777	0.038863754	0.034946221	0.036004422	0.036314581	0.041224772	0.0431006	0.048376446	0.051638981	0.054551555	0.056437399	0.057025468	0.056468308	-999
75	3.547773367	3.676542342	3.892612119	3.819026905	3.646286266	3.930960606	3.941641702	4.072442254	4.257246928	4.154105842	4.011960605	3.879085552	3.878097369	4.027694722	4.154096276	4.14779834	4.179275938	4.207205017	4.135293398	4.084872901	4.004416874	3.92981487	3.891575624	3.873030778	3.913545847	4.046277147	4.010499183	3.986210909	3.895807868	3.914611364	4.032024326	3.941551538	3.932127073	3.964927376	3.941862164	4.058169062	3.84975709	3.897919941	3.640197759	3.832636795	3.633419607	3.660449938	3.738684886	3.57371757	3.591885729	3.606005428	3.617578744	3.513196128	3.498624763
76	0.034851393	0.036866428	0.03913635	0.041096509	0.042566957	0.042601244	0.045217544	0.045110387	0.045472261	0.04679749	0.048961378	0.050336093	0.042706293	0.045642125	0.05062432	0.052643083	0.057050579	0.055824383	0.060192063	0.061542865	0.063680739	0.065960135	0.069110563	0.071914268	0.07526837	0.077868202	0.081378639	0.086014275	0.089331746	0.073667819	0.073516133	0.073432497	0.069791297	0.068888584	0.06838458	0.073900177	0.07265975	0.078007738	0.07997587	0.088497968	0.092944	0.103630108	0.104256203	0.106002843	0.110377266	0.106976495	0.106256043	0.114806295	-999
77	0.000343331	0.000284724	0.000330001	0.000329719	0.000363334	0.000317225	0.000306112	0.000294443	0.000398887	0.000377503	0.000311666	0.000368612	0.00038778	0.000376112	0.00042222	0.000506113	0.000576663	0.000670004	0.000644721	0.000669169	0.000880276	0.001067228	0.001078342	0.001243331	0.001219716	0.001242505	0.00128972	0.00135945	0.001417778	0.001486953	0.001511102	0.00154529	0.001568063	0.001698616	0.001744715	0.001825561	0.001813066	0.001846383	0.001988902	0.002011957	0.001953043	0.001998877	0.002115841	0.002257507	0.002454437	0.002574733	0.002655282	0.00292583	-999
78	0.101066172	0.11730953	0.137362746	0.13094836	0.136586593	0.148116659	0.159091162	0.167296877	0.177444274	0.17424469	0.170325841	0.175021803	0.183119387	0.190209737	0.20412347	0.194027622	0.208404843	0.222129181	0.245610279	0.249355232	0.251401043	0.257594662	0.254351922	0.261435467	0.2637502	0.27219253	0.283303272	0.298348642	0.299530042	0.315688195	0.32637327	0.330112771	0.339688615	0.346229053	0.352510732	0.352290499	0.351750621	0.354268496	0.3429596	0.321726374	0.311659258	0.30942219	0.272025437	0.269669151	0.270323593	0.264360484	0.268669779	0.262441711	0.257319885
83	0.031806497	0.032800117	0.034262294	0.035207143	0.038758643	0.041453493	0.043956558	0.045018727	0.047755142	0.044109629	0.042903963	0.042156806	0.040735411	0.043041978	0.043851274	0.042102545	0.044485365	0.046273529	0.048039661	0.051308237	0.052757623	0.055645519	0.055461836	0.058444285	0.061882024	0.063605928	0.066555269	0.072351449	0.079738156	0.083701031	0.085887653	0.098445164	0.100452189	0.103556201	0.105898288	0.106646206	0.114274239	0.111176902	0.119133136	0.120312605	0.122761314	0.128706217	0.132110182	0.137752536	0.146070189	0.157535008	0.157639992	0.163193346	-999
87	0.020839829	0.021259884	0.021585673	0.022251399	0.022785394	0.023879999	0.024364272	0.025162118	0.025907447	0.026195906	0.024063446	0.024853158	0.025499088	0.025703814	0.025844241	0.024443256	0.024917881	0.025436037	0.025837617	0.027970848	0.02801581	0.028002398	0.027890618	0.026397268	0.029725484	0.030799222	0.03272082	0.032897116	0.033682439	0.035503793	0.03490597	0.036162977	0.036359252	0.037078803	0.038278828	0.039416228	0.040314141	0.040845351	0.042532681	0.0443505	0.046408471	0.047889262	0.049364143	0.048313687	0.048967961	0.050703391	0.051652723	0.053481829	-999
88	0.016158153	0.016523563	0.017159327	0.017427044	0.017912054	0.018632767	0.019717887	0.020225467	0.020908968	0.0217568	0.021631287	0.023413902	0.022958964	0.023478971	0.023276937	0.023884874	0.025180459	0.026381675	0.02747243	0.027677248	0.027920223	0.029118575	0.029761093	0.030893836	0.032845998	0.032977983	0.036024113	0.038677418	0.035007426	0.034902775	0.03764298	0.039438262	0.042834258	0.046421674	0.046034506	0.050207236	0.053712181	0.054567827	0.053896224	0.05509292	0.058402364	0.061386056	0.061259088	0.062147275	0.067142022	0.066890014	0.059033741	0.069333788	-999
89	0.221412304	0.227440705	0.24744348	0.256181242	0.266424547	0.284906484	0.300796554	0.332313613	0.328453948	0.329678118	0.327673141	0.327572696	0.322558519	0.334691979	0.346074384	0.344677575	0.357323306	0.352973561	0.350481131	0.334764655	0.318872767	0.292251896	0.298927901	0.289405817	0.300704423	0.308579276	0.302484864	0.298789417	0.296578833	0.290750512	0.297734519	0.297774084	0.303998136	0.303224965	0.326249273	0.32332996	0.316916254	0.312512614	0.297095939	0.308355781	0.301608328	0.287299577	0.277885959	0.277151391	0.292974856	0.297360136	0.310112986	0.310972577	0.310734636
90	0.010494614	0.01071187	0.013010658	0.012845384	0.012857424	0.013021831	0.014453164	0.014846796	0.017104984	0.017408879	0.019267005	0.019247126	0.019994547	0.020979699	0.020594786	0.021511379	0.022468378	0.022895394	0.023477396	0.026401882	0.024149725	0.023547719	0.025303959	0.025659803	0.025682984	0.027673345	0.027069025	0.028803062	0.032385507	0.036277573	0.035098282	0.036131671	0.036137362	0.035752472	0.036324961	0.044992536	0.053437152	0.060375464	0.062648498	0.06297272	0.067370683	0.065763394	0.068577764	0.068335836	0.06506331	0.061588431	0.065143043	0.071434486	0.070413055
91	1.765883734	1.806718626	1.858199944	1.93115056	1.999650168	2.079908127	2.139531194	2.169094985	2.268380633	2.326409469	2.444154706	2.538769025	2.621138373	2.729892227	2.872849357	2.974340616	3.087854034	3.255861171	3.409316115	3.555788125	3.704607964	3.840017479	3.931841515	4.082825345	4.317352864	4.449551838	4.626060306	4.737081212	5.010105909	5.127978736	5.21076686	5.376217599	5.512417148	5.810928188	5.986527371	6.1986529	6.607027573	7.022582148	7.712613918	8.14976937	8.532481766	8.911667605	9.057485667	9.560544092	9.705651064	9.911312551	10.26778157	10.69307769	-999
92	0.407685735	0.424366788	0.443793431	0.460103933	0.478406207	0.50011041	0.555684283	0.59469585	0.622422173	0.647951821	0.681907432	0.698824368	0.71163402	0.739500679	0.765670497	0.844627594	0.872261542	0.896031756	0.946834541	1.147427895	1.20365474	1.254714796	1.378160615	1.37998946	1.52206679	1.577240746	1.630266026	1.594577051	1.670377208	1.810513627	1.851608646	1.918865452	1.922765175	2.048422601	2.079994164	2.127318618	2.118729899	2.155571247	2.275421148	2.345662426	2.38513303	2.374083259	2.294044507	2.390334843	2.374459208	2.432741957	2.580395708	2.68813444	-999
93	0.192786103	0.189111738	0.239739548	0.285046078	0.309401413	0.352154798	0.394241867	0.381799741	0.432555469	0.44228909	0.498242484	0.582863492	0.497843614	0.579122567	0.625315879	0.629479258	0.642126252	0.656384309	0.770211068	0.805981567	0.893477966	0.940544515	1.012648003	1.124279338	1.176647697	1.135024963	1.270366041	1.293756486	1.467796145	1.430556806	1.552248928	1.605595721	1.659218895	1.809504205	2.008240233	2.09893752	2.221004624	2.380150644	2.375563357	2.376251349	2.42314372	2.529525291	2.579475647	2.768279693	2.769262704	2.857323596	3.045331367	3.090265876	-999
94	0.046701633	0.049864857	0.054111564	0.058831344	0.07082172	0.087660913	0.090657932	0.103312037	0.123174845	0.113083696	0.111848886	0.115913702	0.139752173	0.147779182	0.171196289	0.185115532	0.183766575	0.221588081	0.244139198	0.23310805	0.185571455	0.275717056	0.358871788	0.406611272	0.390587987	0.391060487	0.465300886	0.331963769	0.256537482	0.301961088	0.33757964	0.321012706	0.294967674	0.303560324	0.307386952	0.290041125	0.300190509	0.324233489	0.379049006	0.427979043	0.483331206	0.542535446	0.572984181	0.578524237	0.545454209	0.612829887	0.675752886	0.748769964	-999
95	0.078131797	0.077506773	0.080337645	0.082760725	0.077304604	0.079466331	0.084124407	0.084354861	0.09944046	0.095782797	0.09610106	0.095553968	0.095388375	0.096390131	0.100349854	0.103068413	0.107399483	0.106303085	0.108425943	0.115269333	0.11624067	0.114857336	0.117035571	0.122837958	0.123901983	0.132094737	0.139126257	0.147574063	0.154784628	0.160516194	0.166985778	0.167436391	0.163396515	0.168438662	0.169945248	0.170623651	0.174318026	0.172867646	0.167338306	0.166981097	0.152803471	0.152574006	0.1517671	0.148469511	0.154516767	0.161879563	0.158385372	0.159478616	0.156781972
96	0.066749337	0.064302093	0.090292204	0.068060012	0.081679702	0.075281002	0.075066588	0.07936611	0.088318976	0.090981182	0.084690055	0.091807535	0.085644645	0.088445069	0.088072286	0.105108008	0.11577367	0.126658997	0.130780336	0.133347234	0.133793259	0.153777214	0.161205709	0.171946071	0.180327628	0.185436802	0.19555054	0.200386516	0.195011599	0.212051688	0.22263503	0.218725508	0.229462775	0.223498845	0.214547386	0.236506438	0.242108436	0.266116505	0.250279009	0.269848279	0.269268284	0.273107747	0.249714396	0.24182251	0.253877847	0.254926804	0.251376436	0.259428525	0.264691215
97	1.22580329	1.297037828	1.385371149	1.417935189	1.358008874	1.467184074	1.434473505	1.467930566	1.532751244	1.521717026	1.489039022	1.451102957	1.449867419	1.483008362	1.503894134	1.521574129	1.584751985	1.622112926	1.691436139	1.704565078	1.7465514	1.735635692	1.726535703	1.704732009	1.850798122	1.84920521	1.875503832	1.928031595	1.95772437	1.994977082	2.001664428	2.015695164	2.112212412	2.126875402	2.16751493	2.147748702	2.140816055	2.11265438	1.972684376	2.020574854	1.953468644	1.8764007	1.807181542	1.706924426	1.774323269	1.755862864	1.784579137	1.75121273	1.71662379
98	0.032828079	0.036963902	0.038431061	0.035120365	0.029836156	0.026777917	0.028443849	0.029136382	0.028389921	0.026760191	0.026789829	0.028513655	0.023432662	0.022263651	0.019032277	0.01903676	0.02087877	0.020949701	0.026337201	0.030424506	0.030481889	0.032129359	0.032186887	0.032805248	0.034969945	0.036890345	0.036821695	0.038418907	0.039390294	0.040584366	0.04141415	0.03963129	0.041367914	0.041590544	0.04071527	0.046187261	0.046675821	0.037314262	0.030022276	0.027992436	0.02966162	0.028965338	0.030479659	0.029758449	0.029812539	0.0336238	0.030135417	0.032788116	-999
99	3.111363335	3.324725008	3.725898966	3.746479904	3.547766328	3.77301221	3.840152076	3.87293073	4.102076136	4.006842512	3.919144562	3.913098171	3.916675119	4.212349843	4.220523837	4.26795277	4.322416825	4.624085558	4.797702955	5.101677288	5.154502995	5.270151648	5.301898514	5.590172762	5.735468979	5.860070674	5.923719101	5.813990909	5.906886341	6.026382295	5.927345845	5.944929135	5.90436833	6.096395426	6.073812258	6.070013531	6.008738296	5.796028957	5.529233538	5.830974724	5.395245716	5.28006853	5.287401492	5.114280112	5.029262229	4.968246471	5.022710481	4.954348453	4.873912002
100	0.005725864	0.006275874	0.007148849	0.007550537	0.008761356	0.011261639	0.011519789	0.014130003	0.01450851	0.017704426	0.022048751	0.025079289	0.027230665	0.029951306	0.030440758	0.032654776	0.034627955	0.034317921	0.034564668	0.038076602	0.03935584	0.044214122	0.043797778	0.046955917	0.050027516	0.051328669	0.052437383	0.054223671	0.054055307	0.056588604	0.056024101	0.05884701	0.060165634	0.072319617	0.077650527	0.07971388	0.083840851	0.082222909	0.086749648	0.082622074	0.08218402	0.091301946	0.089886101	0.09513209	0.10031394	0.103294618	0.109148974	0.105919723	-999
101	-999	-999	-999	-999	-999	-999	-999	-999	-999	-999	-999	-999	-999	-999	-999	-999	-999	-999	-999	0.854241505	0.87166114	0.917006884	0.763228939	0.676173047	0.607621404	0.52747538	0.459343255	0.45751486	0.417790734	0.414966581	0.401704636	0.46216014	0.501316289	0.590717399	0.591755949	0.704878208	0.768636625	0.812562504	0.738279476	0.803951307	0.899496732	0.85915484	0.948589981	0.760445899	0.641945912	0.749974221	0.763198549	0.881059119	-999
102	0.060438215	0.063229916	0.06492879	0.067426687	0.069102429	0.072527272	0.076183263	0.078522225	0.081417484	0.084502996	0.086936043	0.088573263	0.090164583	0.095468003	0.099662027	0.108691771	0.113242315	0.11612599	0.120428046	0.12301043	0.125295171	0.128579409	0.131795468	0.133310838	0.139913211	0.145258703	0.147331222	0.153250719	0.156971917	0.162845891	0.165309212	0.167832395	0.171618834	0.180533647	0.187149045	0.195316053	0.199810802	0.207140516	0.219497226	0.229193839	0.233991753	0.236875498	0.251605417	0.278294364	0.294764622	0.302328387	0.313521267	0.321894815	-999
104	0.225779508	0.234381134	0.239462075	0.250216531	0.258874051	0.274871182	0.289678314	0.311116677	0.33286069	0.353120605	0.362595975	0.378842469	0.392858902	0.402477225	0.41866937	0.411835418	0.396672758	0.403954492	0.402421034	0.386369555	0.368712925	0.322302315	0.296433262	0.271078211	0.255685479	0.224816206	0.214164909	0.199856511	0.214092942	0.229306793	0.236898018	0.227549049	0.232937061	0.238384805	0.248136359	0.250624592	0.212899226	0.234583292	0.18180778	0.172115094	0.129217516	0.133605849	0.102195585	0.111698209	0.09113934	0.102398499	0.177159763	0.16685925	-999
105	0.19737915	0.214819001	0.250790845	0.272455752	0.28448742	0.316123513	0.366733753	0.402118715	0.464319481	0.47982169	0.471251372	0.501044856	0.542583458	0.59074169	0.617930465	0.708081845	0.764637887	0.860804763	0.91689095	1.080558879	1.161433597	1.28941998	1.446427148	1.535930751	1.683487149	1.829169418	1.991426676	1.818208339	2.010681495	2.188260653	2.22201583	2.310898855	2.358015869	2.422827237	2.445676265	2.485782597	2.584683491	2.641368853	2.666461959	2.907863375	3.029654285	3.064290103	3.068417826	3.121871241	3.171248297	3.284436646	3.282578641	3.282629186	3.25546698
106	0.071182319	0.078624474	0.082890485	0.079195228	0.075294765	0.081669831	0.088171062	0.096108861	0.121083629	0.121271417	0.119390497	0.132707655	0.140972846	0.145795199	0.162247157	0.175741314	0.191247206	0.233548778	0.27296351	0.105107596	0.030501768	0.101755983	0.142431488	0.166972032	0.171116219	0.168391699	0.169985038	0.19378168	0.20772992	0.215823857	0.230288338	0.232641098	0.249305136	0.275230939	0.312633493	0.287428678	0.285344291	0.329032783	0.334370669	0.339679204	0.323433364	0.338247771	0.345261345	0.311938131	0.38382063	0.420354256	0.400873076	0.395495485	-999
107	-999	-999	-999	-999	-999	-999	-999	-999	-999	-999	-999	-999	-999	-999	-999	-999	-999	-999	-999	0.087067891	0.078942185	0.057914062	0.045014179	0.032497636	0.027728894	0.032067139	0.030159984	0.032109942	0.028057177	0.026967969	0.02506787	0.028167904	0.029986941	0.029557779	0.029933499	0.029460246	0.034349989	0.036739787	0.033545641	0.032021169	0.038497898	0.048074315	0.045315085	0.0475074	0.046300368	0.04486844	0.044711451	0.052991568	-999
108	-999	-999	-999	-999	-999	-999	-999	-999	-999	-999	-999	-999	-999	-999	-999	-999	-999	-999	-999	-999	-999	-999	-999	-999	-999	-999	-999	-999	-999	0.018749567	0.019599212	0.020161215	0.020809043	0.021453954	0.022176558	0.02423061	0.026585518	0.029086637	0.030508471	0.031334849	0.031707219	0.03264059	0.034300528	0.035719517	0.047647204	0.060594372	0.066262827	0.066806977	-999
109	-999	-999	-999	-999	-999	-999	-999	-999	-999	-999	-999	-999	-999	-999	-999	-999	-999	-999	-999	0.091758956	0.086309541	0.071211089	0.061375162	0.055527865	0.053459462	0.052586899	0.051537867	0.050348956	0.046265075	0.044568721	0.047822405	0.047379402	0.050295607	0.051621882	0.052668142	0.05455086	0.055780337	0.053344771	0.051213546	0.05243288	0.049507318	0.051365576	0.050479376	0.05048116	0.049581711	0.049508852	0.051168073	0.053867445	0.051976763
110	0.021495508	0.022192192	0.027660686	0.028437168	0.02516998	0.02698318	0.021102003	0.025147824	0.027098776	0.028767002	0.027417923	0.020773756	0.022506711	0.022955422	0.027083497	0.03005174	0.030982637	0.02302125	0.022808055	0.022723802	0.028125391	0.028500194	0.040948799	0.044864914	0.0513656	0.05423248	0.061057189	0.060191432	0.062974857	0.057250905	0.061462331	0.061107524	0.061070556	0.061669567	0.058877081	0.054702152	0.046618239	0.060899141	0.077603281	0.074615609	0.074498232	0.084196541	0.082712931	0.088013255	0.096656671	0.099718905	0.105710738	0.099648267	-999
113	0.01826402	0.025562015	0.030219297	0.033704441	0.042625301	0.038665288	0.048070194	0.054489935	0.061073384	0.081987907	0.088543131	0.096224518	0.098254726	0.105455717	0.117853165	0.117301686	0.128043868	0.12307755	0.133630465	0.129891433	0.131772441	0.131109455	0.136080477	0.153652335	0.162673713	0.17042444	0.173005053	0.177684077	0.175293758	0.183962638	0.193364865	0.201093438	0.206882748	0.212615118	0.211769676	0.214134927	0.178640275	0.198325618	0.205885114	0.237143055	0.200015698	0.198275093	0.175740658	0.270997643	0.218214835	0.216113911	0.209877336	0.208018285	-999
115	-999	-999	-999	-999	-999	-999	-999	-999	-999	-999	-999	-999	-999	-999	-999	-999	-999	-999	-999	0.186835197	0.19824632	0.12817244	0.105881451	0.094443659	0.101344961	0.109328475	0.103688762	0.108874189	0.092724519	0.083051745	0.096405065	0.103263296	0.107808204	0.10937876	0.103097502	0.101534336	0.11002513	0.110801343	0.101959764	0.082002977	0.084978249	0.085801643	0.08103288	0.081173798	0.081952779	0.083825408	0.087719836	0.088450501	0.089157818
116	0.047242993	0.048410206	0.051552538	0.053779044	0.043854973	0.044758582	0.043197572	0.046716815	0.044134663	0.041397085	0.036215357	0.034254521	0.032215667	0.034532601	0.035598152	0.034972795	0.034249331	0.035434449	0.038155667	0.039409746	0.042098396	0.042245278	0.042838335	0.041346855	0.03661922	0.037149516	0.036147912	0.034906386	0.036382915	0.038980678	0.041009986	0.042578713	0.044924304	0.049979723	0.051014398	0.050417327	0.049009731	0.049018126	0.04607511	0.049163928	0.048597601	0.047681062	0.046207845	0.044520408	0.043381866	0.042949455	0.043764947	0.045366969	0.046025011
117	-999	-999	-999	-999	-999	-999	-999	-999	-999	-999	-999	-999	-999	-999	-999	-999	-999	-999	-999	0.028809893	0.02823151	0.031412308	0.032249856	0.028767581	0.029072163	0.034361173	0.031246669	0.033599612	0.031518462	0.031025989	0.029966945	0.029393201	0.032443745	0.03194072	0.03392024	0.03450341	0.035772812	0.0353543	0.032756907	0.033394891	0.036481729	0.034761036	0.032201443	0.031297957	0.03082963	0.031157124	0.031696263	0.029994656	-999
120	0.07033498	0.068159273	0.067261972	0.076101064	0.080026475	0.087049943	0.08763966	0.113665608	0.13372705	0.133422077	0.142224936	0.144062064	0.168527993	0.173754946	0.174772688	0.196726165	0.198817846	0.208615919	0.229442679	0.246697	0.30588946	0.338033624	0.36616889	0.364325093	0.394847796	0.437764984	0.510552066	0.48488626	0.491455289	0.561691676	0.584475462	0.60399791	0.647069344	0.696559288	0.755768233	0.759564469	0.831946911	0.870085317	0.825851897	0.843030406	0.878831457	0.892602601	1.007085681	1.028115491	0.983264464	1.020099372	0.985053205	1.086644447	-999
123	0.002449992	0.003070834	0.002968039	0.002723615	0.002434172	0.002767233	0.002937782	0.003428321	0.003307216	0.003701402	0.004190298	0.004759695	0.003633078	0.004787805	0.004006403	0.006676945	0.007013911	0.00755918	0.008089475	0.008079992	0.007813612	0.007725828	0.009884744	0.008963292	0.008248029	0.008115048	0.009114749	0.008033288	0.008759964	0.007856343	0.009148103	0.008528282	0.009602487	0.009644138	0.009854992	0.009871392	0.010076169	0.010233361	0.009351094	0.009740022	0.009684442	0.010262459	0.008981112	0.009019717	0.007466975	0.006916718	0.007885774	0.007871973	-999
127	0.00423823	0.00431526	0.004416059	0.004589956	0.0046559	0.004850282	0.005085576	0.005171605	0.005170042	0.005014684	0.004960844	0.004786153	0.004968056	0.005084782	0.005142004	0.005869738	0.006169993	0.006236424	0.006861449	0.007750513	0.007897485	0.008296751	0.008664244	0.008511621	0.009099488	0.009261878	0.009516637	0.010128306	0.010605743	0.011750213	0.012338068	0.012233877	0.012828985	0.013061959	0.013509635	0.014437995	0.014526593	0.014855735	0.014500599	0.01527031	0.015321398	0.015549987	0.015827662	0.016134494	0.016654377	0.016464176	0.017101508	0.016927723	-999
129	0.499810692	0.55288475	0.61126607	0.650568513	0.687904267	0.736105732	0.796026584	0.890140162	0.976573038	1.106265769	1.181197789	1.23621019	1.163919771	1.216127556	1.263289277	1.229019857	1.292596612	1.308375084	1.366767411	1.438497647	1.510253154	1.522849809	1.548460194	1.583304845	1.532704335	1.566478216	1.648418489	1.694396581	1.743279218	1.754081858	1.805913242	1.825027461	1.9556643	1.991288863	2.100319516	2.134821872	2.125771297	2.138081471	2.092282226	2.076405087	2.174042962	2.229794422	2.232004069	2.188534861	2.150257447	2.150688812	2.094590491	2.100499321	2.140783615
130	-999	-999	-999	-999	-999	-999	-999	-999	-999	-999	-999	-999	-999	-999	-999	-999	-999	-999	-999	0.115060956	0.095967863	0.079628147	0.070914812	0.059203806	0.05488088	0.047166645	0.045024185	0.041564219	0.036242147	0.033535056	0.035502824	0.036008812	0.039084618	0.0392791	0.040978012	0.040135312	0.039223853	0.038975236	0.037039698	0.04335924	0.044001853	0.043793281	0.039397482	0.042450629	0.043139974	0.044215804	0.044781408	0.047303004	-999
132	-999	-999	-999	-999	-999	-999	-999	-999	-999	-999	-999	-999	-999	-999	0.036312109	0.039147089	0.041295203	0.044002249	0.041712612	0.039638767	0.044374943	0.038841729	0.036328432	0.031414982	0.0313404	0.026398059	0.025856474	0.026062751	0.026098324	0.027876642	0.028087716	0.030075108	0.029374731	0.030248121	0.034842524	0.039640687	0.041525938	0.041691852	0.043327531	0.045894462	0.050228502	0.052210802	0.059763143	0.061515908	0.05411363	0.057792939	0.059640277	0.066883645	-999
134	0.034363607	0.037020107	0.040986627	0.044440065	0.046066243	0.049777464	0.054730436	0.058016845	0.061892641	0.062883515	0.063160508	0.065742579	0.068389413	0.070528913	0.071877826	0.074116665	0.076022876	0.0798003	0.086658731	0.088605395	0.093112236	0.09862906	0.102353981	0.1096139	0.108602964	0.114138921	0.117653145	0.119909513	0.127487206	0.128151392	0.135850643	0.138083377	0.1374757	0.162876479	0.172438686	0.175406588	0.18097986	0.187993835	0.189357556	0.198640939	0.214110873	0.21711654	0.217821943	0.221019157	0.227206309	0.227947457	0.238585069	0.239404084	-999
135	0.080204014	0.078694924	0.079063074	0.078406164	0.077691583	0.076599376	0.077845375	0.075739726	0.076093602	0.078151606	0.076216556	0.076213276	0.075394767	0.074374266	0.074042275	0.073273564	0.07252723	0.07166686	0.070904576	0.068878159	0.068558895	0.069421861	0.070780155	0.071536517	0.073087	0.074451627	0.076678377	0.077432934	0.078952186	0.083227288	0.087315975	0.089179709	0.093618871	0.097079459	0.098666081	0.1022141	0.082482903	0.084465426	0.092354124	0.083766419	0.09825287	0.107331868	0.116606218	0.111261257	0.125750772	0.11300253	0.113986459	0.121286341	-999
136	0.091949702	0.093516511	0.092097859	0.095862266	0.097494489	0.101105566	0.103242161	0.104573694	0.106627687	0.109595563	0.111169819	0.113477103	0.114896756	0.118960699	0.127850878	0.130399663	0.125322714	0.123929957	0.127241948	0.124219442	0.122148549	0.125943767	0.124939104	0.132808128	0.137359763	0.137624294	0.140511621	0.14432613	0.144797637	0.149322825	0.145890817	0.150796092	0.163527716	0.171707523	0.171575313	0.175326811	0.181708227	0.174893109	0.165391654	0.161630462	0.164861152	0.180076677	0.189403161	0.207594798	0.214354302	0.2297854	0.265466316	0.277164961	-999
137	-999	-999	-999	-999	-999	-999	-999	-999	-999	-999	-999	-999	-999	-999	-999	-999	-999	-999	-999	-999	0.007940548	0.008409469	0.00905787	0.009733382	0.010641358	0.011423414	0.011650739	0.012092129	0.011998758	0.012155901	0.014306076	0.013185426	0.013759625	0.014867081	0.016027486	0.016054713	0.016614565	0.018159393	0.018742908	0.01904761	0.019437267	0.020135905	0.02105492	0.02188659	0.022811951	0.023507956	0.023705991	0.023874311	-999
139	0.042530864	0.043707239	0.045057932	0.045958456	0.046833333	0.047678808	0.048877717	0.049962137	0.051656762	0.053066078	0.053968167	0.055476768	0.057292575	0.058733055	0.059282488	0.061269889	0.062402982	0.063860576	0.064718083	0.067333694	0.069514583	0.071207585	0.073091129	0.075686531	0.078074907	0.079950783	0.082534305	0.084681353	0.089334451	0.094309951	0.097414919	0.098486142	0.101282743	0.102742155	0.10621203	0.106204751	0.108277895	0.112051784	0.11536927	0.118759177	0.122937417	0.117516144	0.131052248	0.136404824	0.136250538	0.148609294	0.157146218	0.163125273	-999
140	0.591678984	0.679184959	0.721125815	0.709176175	0.686521218	0.759896959	0.734989813	0.756116102	0.794989053	0.748669149	0.707510978	0.630150958	0.657744773	0.695892982	0.70533418	0.731790696	0.748449826	0.741855021	0.746796425	0.77361075	0.803701889	0.797254364	0.814424722	0.817115629	0.850802314	0.894034095	0.869419921	0.875837985	0.861583446	0.869645324	0.892634937	0.902355491	0.935852963	0.944067766	0.929438551	0.920264836	0.916849338	0.90946246	0.897003738	0.962110749	0.895359829	0.89620934	0.877236674	0.82680049	0.83824741	0.855869115	0.863456128	0.848220664	0.827876349
141	0.063617646	0.062095374	0.069556829	0.064798976	0.044683238	0.049264131	0.048827886	0.043177202	0.043508611	0.045655536	0.043216522	0.047751363	0.050810962	0.0350935	0.020753188	0.019707532	0.016811154	0.015233642	0.016175142	0.016960936	0.016899338	0.017576903	0.014859781	0.015133607	0.015285881	0.015691968	0.027644944	0.031648238	0.023841549	0.024500014	0.025470521	0.025004606	0.023856991	0.025242484	0.02430383	0.023976944	0.027206054	0.026020699	0.026707601	0.023752626	0.025873668	0.023614576	0.02233111	0.025226966	0.025931672	0.022026493	0.017401001	0.015429498	-999
143	0.079405552	0.088389033	0.091680899	0.101369374	0.099405438	0.105948929	0.110866792	0.110057234	0.102489919	0.104495513	0.10357945	0.110598478	0.114485279	0.12202203	0.130230446	0.130797942	0.131511007	0.137896705	0.147612956	0.149478685	0.153216855	0.156700317	0.165115006	0.170962674	0.173402805	0.179518476	0.187532835	0.184901494	0.192380746	0.199027533	0.199234773	0.199684568	0.197084266	0.202308096	0.19736928	0.197454566	0.199568602	0.202559225	0.20359512	0.213611535	0.212513828	0.223346174	0.224961104	0.237287545	0.240183374	0.238861761	0.240558429	0.23826736	0.239456377
144	0.014137701	0.01443532	0.015645979	0.016437141	0.017092337	0.018351087	0.020162659	0.01951834	0.016473104	0.017765526	0.018247567	0.018677827	0.019522541	0.021455098	0.022414549	0.022427212	0.022640314	0.021403363	0.022951389	0.023466742	0.0248089	0.025643983	0.025244403	0.024588312	0.026257035	0.026740166	0.027987575	0.028154934	0.028534977	0.029228447	0.029496188	0.029506346	0.030604927	0.032286489	0.032801299	0.033962769	0.034542862	0.034621494	0.034445449	0.035310502	0.03595978	0.038901815	0.040118631	0.041402055	0.043759452	0.045424341	0.046448014	0.046313473	-999
145	-999	-999	-999	-999	-999	-999	-999	-999	-999	-999	-999	-999	-999	-999	-999	-999	-999	-999	-999	-999	-999	-999	-999	-999	-999	-999	-999	-999	-999	0.017112893	0.017618728	0.018279576	0.019089796	0.019949044	0.020162142	0.020727682	0.021671844	0.0227013	0.024064231	0.025933337	0.022548404	0.026627771	0.033345004	0.033900419	0.03450291	0.034394239	0.036720473	0.038582981	-999
146	0.385740673	0.399261981	0.41729396	0.43044874	0.448241459	0.471859411	0.497114607	0.520314416	0.542081018	0.567981877	0.59356044	0.622752416	0.640120661	0.641639689	0.663050278	0.669812103	0.693922473	0.714511996	0.739208162	0.772591482	0.809613568	0.841638689	0.855162132	0.834194105	0.848643399	0.883252406	0.91962517	0.93062172	0.961563786	1.012598469	1.055534884	1.087707943	1.140264407	1.156931359	1.22404138	1.23179854	1.277673216	1.316064852	1.291990736	1.481417581	1.615575378	1.631452766	1.662586248	1.703951037	1.686716544	1.738121356	1.769161296	1.85945921	-999
149	0.154971891	0.160237539	0.166185825	0.165942511	0.170174375	0.185514475	0.19090667	0.205815453	0.211572372	0.213422823	0.210493628	0.203965903	0.212580487	0.224944322	0.232536224	0.243486578	0.245821578	0.235821021	0.245005019	0.24500149	0.253020334	0.257206128	0.273782251	0.268069946	0.273325841	0.265062217	0.280503109	0.292974595	0.306852877	0.304286208	0.31256279	0.290336544	0.314991674	0.308095987	0.312002512	0.316210391	0.321055146	0.373690166	0.364373262	0.378031358	0.327002857	0.355430659	0.378913324	0.333798666	0.339938533	0.327532627	0.345297104	0.329431958	0.277716039
150	0.000987498	0.001011661	0.001123329	0.001733324	0.002778047	0.004392217	0.008661322	0.006461429	0.009806696	0.013385492	0.011399127	0.017282868	0.015905088	0.026150189	0.024548207	0.023117737	0.026623664	0.025683173	0.029822709	0.049040933	0.065909952	0.062173965	0.069613127	0.070026565	0.070961891	0.072598553	0.078072495	0.078594752	0.081897016	0.087211489	0.088749009	0.094281438	0.097990795	0.102299816	0.115224649	0.17978627	0.206132474	0.181052029	0.184871746	0.216359823	0.256470849	0.277041871	0.28367289	0.283534311	0.294043834	0.286959901	0.30808832	0.2971981	-999
151	0.198186597	0.203465457	0.213661189	0.226405946	0.236703318	0.239483568	0.249704215	0.260077436	0.27503593	0.287997093	0.308700585	0.326961443	0.34483585	0.356366031	0.375320792	0.391668121	0.430318604	0.451715963	0.477155913	0.500848321	0.512614073	0.545399514	0.572446656	0.596870595	0.622449127	0.651007045	0.667983289	0.68037616	0.719135991	0.740079877	0.752764096	0.764234208	0.799407541	0.857149048	0.887407515	0.925806047	0.979606672	0.963798491	0.978315227	0.9934428	1.001275405	1.013233734	1.037006385	1.084856339	1.116122169	1.161765295	1.226974574	1.294236931	-999
153	0.019259621	0.021686082	0.023663181	0.023271355	0.019668507	0.019482735	0.019448796	0.018808178	0.020171577	0.016427115	0.017404178	0.019210466	0.020507394	0.018787942	0.01814155	0.018447801	0.019705678	0.018353689	0.01728359	0.017194145	0.018651242	0.021275166	0.021580695	0.022730958	0.023073866	0.024659117	0.025636917	0.029755392	0.029326415	0.02769075	0.031668604	0.028783254	0.028728908	0.028584919	0.032313207	0.034328295	0.034303166	0.032842197	0.036128607	0.040018564	0.044598579	0.046050595	0.044986633	0.047612305	0.048020587	0.049567135	0.050085962	0.049987587	-999
155	0.015917667	0.016328043	0.017673187	0.017528365	0.017144365	0.01823088	0.01982118	0.022120198	0.022440971	0.024247037	0.024208566	0.024695695	0.025263984	0.025731623	0.026273191	0.027373152	0.03159411	0.03377242	0.036797244	0.035739957	0.036897978	0.036744546	0.038153474	0.041712469	0.045616536	0.046637427	0.050718767	0.050137118	0.047959291	0.044891822	0.045643657	0.045295305	0.046287935	0.046693442	0.046108177	0.047154109	0.04880482	0.051379879	0.052182469	0.056402472	0.057234728	0.057533869	0.058045699	0.060700574	0.066232401	0.077872809	0.08226178	0.08440695	-999
156	0.106166809	0.106193314	0.110622245	0.117028803	0.120436713	0.122317678	0.126749005	0.123026738	0.122599736	0.130934609	0.13174881	0.134122716	0.123328754	0.126350966	0.123053327	0.125328184	0.12867909	0.12655866	0.116807147	0.113214754	0.111057197	0.10800812	0.115301009	0.119441224	0.127599756	0.131420603	0.127211004	0.148206552	0.156082041	0.156526725	0.151498909	0.15172769	0.149020257	0.16192892	0.17162049	0.165775159	0.17641007	0.194256756	0.195973681	0.204501186	0.23488531	0.251940056	0.242417299	0.255523089	0.263555963	0.274613643	0.269252879	0.295021983	-999
157	0.178290043	0.179343693	0.199727471	0.200282573	0.212383042	0.222583451	0.231907356	0.235772371	0.249715775	0.260709186	0.262081413	0.268994972	0.29257348	0.263114442	0.276394045	0.276359708	0.288883323	0.30554514	0.321288542	0.333916338	0.333435865	0.348602786	0.348339508	0.37328245	0.391051973	0.404413078	0.425619793	0.437860583	0.449461311	0.465119552	0.445363678	0.451454379	0.452606515	0.451163432	0.451912856	0.448606977	0.44950363	0.466465406	0.444150266	0.46985734	0.472992796	0.497253532	0.514965822	0.549505748	0.599199905	0.637433419	0.676007129	0.698405521	-999
159	1.001102015	1.034494395	1.080271513	1.130579154	1.198061625	1.262303946	1.311856012	1.418591262	1.461554292	1.472616071	1.354944202	1.437931379	1.425280013	1.378477643	1.450269778	1.509113452	1.548862224	1.538824347	1.442253169	1.199262549	1.17477817	1.14631298	1.17442783	1.118488742	1.157249461	1.203910118	1.186916255	1.106615194	1.077588033	1.033069839	1.040067815	1.028226545	1.055438699	1.058534831	1.071616009	1.126150052	1.121490246	1.136699905	1.092961972	1.168944821	1.174420649	1.134888285	1.135746931	1.093609885	1.103912349	1.154744785	1.208240305	1.230493694	1.204604371
160	0.072987876	0.074805485	0.080204877	0.083930224	0.089403311	0.094918959	0.092964059	0.101910605	0.112153062	0.11613276	0.11531513	0.129014136	0.129465413	0.129728688	0.127514641	0.141005893	0.144785294	0.151438852	0.183353807	0.195159269	0.19730075	0.209920935	0.207017769	0.212380155	0.234839241	0.232542802	0.244945877	0.264694626	0.284052575	0.286035583	0.288199459	0.300236009	0.292031406	0.300319257	0.307724149	0.292531987	0.294583077	0.28702674	0.283201829	0.273303309	0.26571016	0.249365033	0.249996594	0.246210739	0.255514716	0.253629224	0.264863178	0.256012186	0.251855364
162	0.010771468	0.011845837	0.01666497	0.014319949	0.023742541	0.017776807	0.02019108	0.01886441	0.032763185	0.038525278	0.048233816	0.055949666	0.057774744	0.065439187	0.065688356	0.069776613	0.071963359	0.075249201	0.077101915	0.075920741	0.084010277	0.087843646	0.091149201	0.091489976	0.094796779	0.100586948	0.118356024	0.124145717	0.131659825	0.127034292	0.140380677	0.158794226	0.164393355	0.193848633	0.193857106	0.228263781	0.257522892	0.26456628	0.281824636	0.31544998	0.297074264	0.409481465	0.436661126	0.430676989	0.431664441	0.422842247	0.479077761	0.504829752	-999
164	0.490027242	0.512208809	0.556398137	0.559074631	0.602543258	0.650369756	0.692239086	0.745907367	0.740609199	0.758699835	0.753184987	0.753401675	0.759425721	0.752888879	0.755351958	0.775651005	0.808164904	0.813620339	0.804716369	0.720839436	0.593983662	0.535755377	0.530729185	0.500544972	0.542003218	0.556499997	0.522038627	0.477710045	0.421805474	0.421620295	0.429008253	0.443611701	0.462067183	0.450108084	0.448913842	0.464559324	0.46248005	0.460791773	0.405685684	0.407424889	0.416436821	0.406332354	0.370957108	0.367145867	0.370320166	0.369601595	0.38755828	0.390511196	-999
165	-999	-999	-999	-999	-999	-999	-999	-999	-999	-999	-999	-999	-999	-999	-999	-999	-999	-999	-999	10.22668564	10.13399261	9.254290914	8.736598921	7.641331507	7.405552423	7.331115221	7.002560706	6.83923982	7.084275235	7.203228602	7.279603156	7.248822238	7.506033126	7.530545638	7.579834889	7.801209594	7.823324677	8.005596943	7.521222289	8.013159575	8.273388818	8.471204087	8.216792821	8.2227073	8.055304798	8.308568627	8.475743053	8.830932013	-999
170	0.067236626	0.072700637	0.084122733	0.094128922	0.101989966	0.118262342	0.132083454	0.198647713	0.261109211	0.361730761	0.492091863	0.551446129	0.602919626	0.531592411	0.534957813	0.534417138	0.638824406	0.731322887	0.731401366	0.674661714	0.785338436	0.894734139	0.928832539	0.977339393	0.982884798	1.052112858	1.003331002	1.069251696	1.088539073	1.138184148	1.168316913	1.327552479	1.331914675	1.341613299	1.427106805	1.530731675	1.60725748	1.761465347	1.848897265	2.040040675	2.137111667	2.194287002	2.181961788	2.403609575	2.516655002	2.498258848	2.545658432	2.484603767	-999
171	0.014443625	0.014651428	0.015340826	0.015763355	0.016144167	0.016497494	0.016916152	0.016956564	0.017728045	0.018155156	0.018027186	0.017856136	0.018020024	0.018834729	0.018153101	0.018994515	0.020244215	0.019250116	0.019131747	0.019614989	0.019466147	0.020692337	0.020621769	0.020481954	0.021690567	0.022214106	0.02355478	0.024871478	0.026220556	0.027889423	0.030144068	0.030610162	0.029740146	0.031824307	0.032468957	0.032545694	0.034915723	0.036444742	0.043725316	0.046053407	0.04784997	0.046815342	0.043223472	0.046882943	0.050369528	0.050189909	0.050071775	0.053100391	-999
172	-999	-999	-999	-999	-999	-999	-999	-999	-999	-999	-999	-999	-999	-999	-999	-999	-999	-999	-999	-999	-999	-999	-999	-999	-999	-999	-999	-999	-999	-999	-999	-999	-999	-999	0.011879271	0.013173448	0.01309661	0.014101002	0.011182018	0.013114505	0.013067512	0.012296887	0.011400882	0.011116037	0.011620854	0.011185615	0.011718575	0.012281572	-999
175	0.031753875	0.039287859	0.043659593	0.046574309	0.043168057	0.045161186	0.047683246	0.06061974	0.059066984	0.059685056	0.062592014	0.061159513	0.068469438	0.078024297	0.078687925	0.083629952	0.088998665	0.098676203	0.098731046	0.134053381	0.151946519	0.172418541	0.211473404	0.2568951	0.219172499	0.228799389	0.25687487	0.232173609	0.211211336	0.217116431	0.247653095	0.246045951	0.297517419	0.357184465	0.244370758	0.262506829	0.242139416	0.279075028	0.294049037	0.273328693	0.24090449	0.283469475	0.307770069	0.33734361	0.368824764	0.377668537	0.419940368	0.439070613	-999
176	0.165830641	0.172384055	0.180477549	0.188936627	0.195109519	0.202277262	0.212837202	0.223470729	0.227888815	0.230733932	0.22592217	0.220748699	0.223124065	0.234478907	0.241042431	0.240397704	0.247516244	0.250748148	0.250575194	0.24804927	0.222451239	0.210443787	0.206545037	0.202747126	0.206735149	0.210247019	0.210492682	0.204168188	0.205309965	0.206362329	0.21625015	0.217869418	0.216780041	0.213455252	0.218991343	0.216799679	0.207557334	0.213068668	0.194633438	0.207363336	0.20179037	0.193756129	0.197121694	0.185480355	0.190650302	0.191849778	0.202360656	0.201811856	0.191500532
177	-999	-999	-999	-999	-999	-999	-999	-999	-999	-999	-999	-999	-999	-999	-999	0.068081277	0.06762974	0.066922201	0.068073119	0.066406113	0.064620381	0.06000847	0.062899656	0.065430591	0.070569229	0.073550271	0.07645972	0.074988958	0.074780543	0.074583787	0.078332512	0.079435843	0.080389525	0.082942843	0.084822699	0.085177679	0.085258937	0.090190665	0.083037568	0.085187731	0.085211254	0.081833082	0.079707657	0.077347183	0.076292412	0.079007339	0.081324523	0.080695767	0.078812791
180	0.528350299	0.537254501	0.57201956	0.593129975	0.631783778	0.662984299	0.680226072	0.714718416	0.711730107	0.791316641	0.804166736	0.927908155	0.933494882	1.017350809	1.028332263	1.070296539	1.096469956	1.111106766	1.051401132	1.043391057	1.072168188	1.021961081	1.08957375	1.141721016	1.204240556	1.239661333	1.263856025	1.288134947	1.267952961	1.269433774	1.226633285	1.163743178	1.310428387	1.427936366	1.37329849	1.400254403	1.525355103	1.652971109	1.674927148	1.563660571	1.592411728	1.523338928	1.510436142	1.601276343	1.498152176	1.57097712	1.58044962	1.561229787	-999
182	0.495504177	0.521415613	0.599777772	0.650040716	0.668598292	0.717791933	0.705383353	0.75346041	0.765054122	0.787273553	0.799263536	0.77769952	0.790858947	0.808386273	0.824635452	0.841722641	0.862340572	0.931323076	1.024592849	1.047793074	1.086831634	1.10704859	1.061805882	1.120431388	1.172082388	1.154831446	1.227442789	1.289396609	1.351801211	1.411405365	1.448488792	1.491824465	1.543328295	1.610572995	1.644762332	1.643210622	1.666978	1.611573611	1.481712671	1.480130756	1.457615273	1.454793188	1.357098736	1.326955212	1.376642551	1.388260816	1.460677816	1.453941178	1.415618886
183	0.044174916	0.047054373	0.048079297	0.045684539	0.047794323	0.048112945	0.047651511	0.050253719	0.052175521	0.052743398	0.053796506	0.056913174	0.057200027	0.058927292	0.058107026	0.060029143	0.062352195	0.063244222	0.063446054	0.064159895	0.065131758	0.066833934	0.070457726	0.067660191	0.069847108	0.07816192	0.081004852	0.082346119	0.087932321	0.09684798	0.093624889	0.095350021	0.100980876	0.102329275	0.104686743	0.105638792	0.107708169	0.104888711	0.106455452	0.113469986	0.123205175	0.132393922	0.117235984	0.127191864	0.134596002	0.137961788	0.135954311	0.135903765	-999
189	0.081743805	0.08316692	0.085678116	0.0865803	0.086853852	0.086961333	0.089592545	0.090974289	0.091857345	0.097305752	0.098245744	0.102658328	0.105974099	0.105657407	0.110137077	0.111725958	0.109977798	0.116855115	0.116802468	0.123634878	0.123404036	0.123317791	0.119761008	0.138815216	0.139344187	0.142740391	0.145841467	0.147492856	0.163774207	0.154807864	0.162249968	0.176205923	0.17121663	0.171191089	0.177000392	0.189651903	0.183198578	0.185630212	0.19212269	0.18177985	0.195807972	0.167008337	0.206464731	0.212974226	0.214797988	0.221906602	0.221618471	0.216606993	-999
190	-999	-999	-999	-999	-999	-999	-999	-999	-999	-999	-999	-999	-999	-999	-999	-999	-999	-999	-999	-999	-999	-999	-999	-999	-999	-999	-999	-999	-999	0.007095329	0.007650549	0.005295857	0.005657219	0.006245603	0.007191369	0.006826697	0.006476094	0.006847509	0.006889212	0.008207558	0.010848944	0.009237192	0.011341866	0.011951069	0.010669392	0.011816461	0.011331349	0.010845361	-999
192	0.419151795	0.427645967	0.451721984	0.428042073	0.453944988	0.492577587	0.485075829	0.482829126	0.504413716	0.470830217	0.493218141	0.472264148	0.478620037	0.505716076	0.549269539	0.572211994	0.562826313	0.574384642	0.552556849	0.548887213	0.566254735	0.541249708	0.540845622	0.577996698	0.585337766	0.598906994	0.583515501	0.593893372	0.583193608	0.553060587	0.587661636	0.602204491	0.588661238	0.611573287	0.600047558	0.584194119	0.581048537	0.576650998	0.528217602	0.592046368	0.577012931	0.58285773	0.57329505	0.559083818	0.516338784	0.555588126	0.570697558	0.578778633	0.547344669
193	0.190599108	0.198614646	0.219911096	0.205280518	0.199825589	0.206770048	0.210215677	0.218800564	0.222692925	0.233012528	0.228580763	0.221813472	0.236880934	0.242683085	0.256772209	0.268107918	0.26114676	0.263530406	0.258109858	0.282510165	0.286676841	0.288351291	0.280744938	0.283292018	0.27887028	0.284558915	0.28965008	0.29307975	0.293578451	0.289635112	0.307547383	0.299697986	0.300824208	0.301912444	0.30006015	0.313355765	0.29782701	0.309287894	0.311376641	0.301982418	0.292310859	0.294787262	0.307422835	0.28805774	0.281401211	0.273916174	0.275396125	0.277170575	0.283127726
194	0.027657978	0.023021608	0.023939879	0.030782189	0.035505121	0.040209665	0.044698093	0.04886396	0.063370241	0.051929537	0.062006162	0.074375731	0.085284697	0.098166178	0.091087407	0.093553941	0.104037164	0.107756749	0.108163378	0.121715335	0.132612356	0.126871915	0.127511898	0.133045442	0.140707626	0.148560637	0.161312043	0.179752377	0.178963045	0.179590587	0.184241407	0.191444545	0.192405676	0.201086787	0.241825613	0.251567463	0.263330511	0.268254005	0.249879269	0.251931718	0.237088325	0.193189483	0.140832673	0.13067336	0.117120914	0.118541648	0.126730355	0.120697723	-999
195	-999	-999	-999	-999	-999	-999	-999	-999	-999	-999	-999	-999	-999	-999	-999	-999	-999	-999	-999	0.061730604	0.058974367	0.048187361	0.037730496	0.028935474	0.025876847	0.024983537	0.024899257	0.026176731	0.026031655	0.024988198	0.024663461	0.024740437	0.02521321	0.027267115	0.027213469	0.028059861	0.029990092	0.028536036	0.024796296	0.025304424	0.025376947	0.027482012	0.027558901	0.029555491	0.032038312	0.0359635	0.037741823	0.04085676	-999
196	0.088133826	0.088937599	0.089482323	0.08919365	0.089234111	0.090129342	0.090149857	0.091177167	0.092035608	0.093231294	0.09456183	0.09598215	0.097958859	0.099857552	0.101997491	0.104480047	0.106384393	0.108294734	0.110672373	0.11320566	0.115525558	0.11703587	0.120188659	0.122369972	0.12821541	0.129800612	0.131037564	0.139539483	0.14833803	0.156598017	0.160263524	0.164236489	0.167096999	0.17404091	0.179345814	0.183420848	0.186572578	0.190180047	0.192570142	0.199624292	0.205522515	0.214074026	0.221021505	0.22398435	0.229428737	0.232505262	0.236744	0.243411935	-999
197	0.159224385	0.167132474	0.181533259	0.185411782	0.201689933	0.219075182	0.233253819	0.242384188	0.256040606	0.255903741	0.258671006	0.261561941	0.240302299	0.265344927	0.287742879	0.302243299	0.333870785	0.380690011	0.428421235	0.490530873	0.532603405	0.56714851	0.598072776	0.660938258	0.720234941	0.805337523	0.820362055	0.769194184	0.821188327	0.840767341	0.865234152	0.95679407	1.036464093	1.12002244	1.153468313	1.175308898	1.225114781	1.257458585	1.252787875	1.370701978	1.368163939	1.468273666	1.58463058	1.576907197	1.584307016	1.62069588	1.612029374	1.579413738	-999
199	0.008453935	0.008680894	0.008680278	0.008677488	0.009042694	0.009054956	0.009609267	0.00988452	0.010283853	0.010326728	0.010536642	0.011099552	0.010830116	0.011256349	0.011472408	0.012518776	0.013250608	0.013527108	0.013945553	0.014693331	0.015049004	0.015234108	0.015306505	0.017309252	0.018218656	0.020427593	0.020132969	0.021519971	0.024603738	0.024550526	0.024494106	0.02536412	0.026784454	0.027068138	0.02758885	0.027529013	0.02857833	0.029796586	0.036240295	0.036235881	0.036444483	0.036326778	0.035301746	0.036810935	0.03581472	0.038577097	0.035562273	0.038317372	-999
202	0.030679159	0.031246414	0.030694352	0.031110854	0.027002153	0.029983354	0.03396747	0.040808883	0.042269708	0.044527353	0.047277152	0.04755655	0.049291663	0.055689658	0.059219148	0.061895997	0.058238163	0.063892852	0.062039667	0.069648599	0.069221196	0.07609681	0.07087774	0.071866269	0.069585055	0.085511861	0.088280684	0.095250797	0.108073317	0.116077212	0.128924486	0.139280866	0.156901969	0.160368591	0.187039548	0.208623145	0.222061101	0.215423459	0.216253019	0.230162119	0.229181966	0.224847171	0.223421917	0.228421228	0.220446273	0.195512583	0.19455063	0.197984303	-999
203	0.019256195	0.021042789	0.021935764	0.024435934	0.025277147	0.026964367	0.029270653	0.03214007	0.034907767	0.038008343	0.03921616	0.038588358	0.043862842	0.046475798	0.048410051	0.047737699	0.048503206	0.050952262	0.050714705	0.057538668	0.056980992	0.063364406	0.061675704	0.066659356	0.067511986	0.07056854	0.072786096	0.079331778	0.082001206	0.084979355	0.089692695	0.090883951	0.093374382	0.098436001	0.096710282	0.101796203	0.105136553	0.109651779	0.106520975	0.11959698	0.114149497	0.119159946	0.121190837	0.123216343	0.126398941	0.128070896	0.131548631	0.133227187	-999
204	0.227306241	0.256717497	0.283259526	0.293128527	0.311188079	0.338643048	0.371376938	0.369871339	0.351802652	0.365767204	0.36877428	0.391956006	0.414970248	0.431634268	0.45732056	0.492613454	0.546294357	0.549957793	0.571084167	0.598204896	0.58821271	0.614605241	0.655369676	0.647348977	0.708276904	0.773177545	0.811248956	0.823540057	0.811229947	0.887212094	0.817080115	0.863421622	0.915093181	0.938740974	0.97681277	1.082383239	1.166722709	1.144613204	1.142864958	1.229521255	1.308521681	1.370259728	1.337932055	1.385108104	1.498103297	1.590037208	1.707446715	1.677042845	1.705222163
205	-999	-999	-999	-999	-999	-999	-999	-999	-999	-999	-999	-999	-999	-999	-999	-999	-999	-999	-999	0.203770815	0.176814825	0.120770686	0.122085413	0.154767141	0.15926906	0.139140496	0.139319326	0.145707687	0.172519391	0.173086102	0.176368426	0.184019691	0.205172257	0.214210332	0.223057336	0.228446048	0.26031316	0.263390694	0.231287858	0.263886891	0.287086899	0.297095775	0.304864469	0.311187478	0.321423243	0.320890573	0.320992806	0.321529052	-999
209	-999	-999	-999	-999	-999	-999	-999	-999	-999	-999	-999	-999	-999	-999	-999	-999	-999	-999	-999	2.931226318	2.934901517	2.55342986	2.262901239	1.928091532	1.903969277	1.744353705	1.669032106	1.578312081	1.570936613	1.556183079	1.559692716	1.577204995	1.637431689	1.650533724	1.640776181	1.576211343	1.621151754	1.565950957	1.331987306	1.54033761	1.471890752	1.424970992	1.350853413	1.229522152	1.080222457	1.065966642	1.040459691	1.087326406	-999
210	0.011771982	0.01222715	0.015179743	0.015601386	0.022536564	0.028625219	0.047778373	0.055489553	0.064782904	0.08410508	0.103099709	0.11230769	0.108199186	0.14021973	0.159542793	0.181057465	0.200938265	0.206020706	0.237877658	0.237119548	0.272813721	0.259787071	0.273228984	0.302674049	0.32168745	0.339865379	0.358523523	0.366869664	0.374774553	0.366027206	0.465212104	0.458250471	0.447754047	0.486539747	0.517279553	0.537453775	0.583354699	0.690128767	0.739077938	0.713261169	0.700974966	0.744400598	0.785519531	0.860384347	0.881583789	0.921849865	0.776093984	0.786158437	-999
211	2.426934176	2.444779951	2.536241706	2.442501486	2.318705926	2.364660312	2.415126575	2.402247525	2.524473455	2.307867176	2.23780507	2.225066998	2.212822932	2.212549601	2.335382206	2.371798454	2.391038656	2.411969122	2.407175192	2.395058483	2.476309024	2.46757676	2.492708594	2.512759039	2.51655226	2.624939988	2.550688443	2.576289293	2.582689034	2.593362726	2.602890811	2.566233239	2.611124992	2.57959428	2.591789853	2.54829218	2.455912259	2.428646931	2.283711799	2.368657557	2.196113751	2.254638739	2.221798358	2.093104228	2.113677141	2.078604507	2.048524468	2.03769208	1.992980046
212	18.46414173	19.3864481	20.12076016	19.6737349	19.23219888	20.54257453	21.2238017	21.84577137	21.79644836	20.98993893	20.41037903	19.55906499	19.57681662	20.4150845	20.63410608	20.60054947	21.47886112	22.32334182	22.65074468	22.27175768	22.45447729	22.90509552	23.30780898	23.73975175	24.0428443	24.57755129	24.82356856	25.03535848	25.71325192	26.44389899	25.94277213	26.23806655	26.29872906	26.84109868	26.96925243	26.71328799	27.18461036	26.48448686	25.17725064	25.78256625	25.43239532	24.97656809	25.40597773	25.71021034	25.42875086	25.15621649	25.06555128	25.94381087	25.63398452
213	0.027605023	0.028045456	0.027178122	0.026777049	0.027528692	0.027983447	0.028126672	0.028802032	0.030779715	0.030016994	0.029037441	0.026847809	0.024763231	0.023813951	0.023638229	0.024230624	0.025931436	0.027950422	0.028670363	0.02616246	0.028383936	0.031364641	0.029237709	0.027934953	0.029876849	0.032970337	0.033498689	0.034466998	0.037651399	0.036033781	0.031678124	0.029439609	0.029572985	0.03379111	0.035030618	0.037893616	0.037782564	0.048933075	0.04830272	0.047289298	0.051372985	0.054598677	0.05363685	0.054552761	0.058405313	0.060880426	0.059404013	0.061372264	-999
214	-999	-999	-999	-999	-999	-999	-999	-999	-999	-999	-999	-999	-999	-999	-999	-999	-999	-999	-999	0.551173713	0.55873501	0.524441807	0.544919164	0.53874949	0.498793703	0.515657908	0.524399052	0.549704408	0.577494573	0.5919695	0.595784648	0.616453074	0.59630928	0.589972988	0.558183771	0.573784645	0.556286611	0.578271467	0.530726383	0.570055895	0.577761028	0.513503841	0.513381234	0.478367181	0.458017697	0.483588783	0.508738273	0.539548369	-999
216	0.207824523	0.201047197	0.221979375	0.262435059	0.268152491	0.278085272	0.297579004	0.321177958	0.33268273	0.380093822	0.407442105	0.405909913	0.437514535	0.426971748	0.422816827	0.442349395	0.442758584	0.427574934	0.43915948	0.46062715	0.481115497	0.538133642	0.501216193	0.580908613	0.544974908	0.580795487	0.578375023	0.608931173	0.671512148	0.682135568	0.635777883	0.783595666	0.732400809	0.706142952	0.738803153	0.752066726	0.769046413	0.762523495	0.735051122	0.876251856	0.782212429	0.79961011	0.885420644	0.767996237	0.747779063	0.683933957	0.649283233	0.487515186	-999
217	0.153796085	0.155218709	0.162332595	0.152222581	0.161763397	0.145197542	0.150856438	0.154768919	0.160097068	0.167396554	0.169519688	0.175638947	0.18130526	0.183467973	0.185718385	0.194578758	0.205891234	0.207810151	0.203125881	0.207807452	0.210633785	0.219848644	0.238532696	0.238704091	0.25455027	0.268824168	0.289680419	0.308707472	0.317697526	0.334230335	0.356440232	0.388958842	0.408372033	0.453565168	0.480249301	0.49221141	0.529785229	0.56671569	0.618549076	0.681566202	0.68427278	0.69464416	0.715208751	0.801084279	0.849495199	0.898312185	0.90661699	0.970582468	-999
220	0.008551583	0.006705254	0.011288536	0.009295843	0.008036104	0.009780008	0.010593256	0.011186655	0.011376993	0.014791584	0.014584384	0.017167773	0.018200763	0.019098221	0.020204842	0.021886214	0.025946913	0.027642964	0.028353148	0.029231407	0.035574438	0.038854467	0.033632768	0.035114772	0.039743854	0.040579315	0.043118014	0.046069545	0.05200018	0.055205536	0.061230444	0.059314312	0.065901859	0.071931405	0.076617474	0.082025305	0.080274904	0.084644418	0.093806212	0.090815676	0.077052197	0.069716512	0.096117061	0.09132695	0.044540545	0.038049776	0.038442679	0.03838849	-999
221	0.041189774	0.04385713	0.046381989	0.048306751	0.045643499	0.05080966	0.049975315	0.050356078	0.050689905	0.052835208	0.053681385	0.055049768	0.056076376	0.056874413	0.058021794	0.059051335	0.060377645	0.063642104	0.063640417	0.063200021	0.065019679	0.066045627	0.066144693	0.066644862	0.067789424	0.067216414	0.070094403	0.070785997	0.071053964	0.072954433	0.075484374	0.078235171	0.081183176	0.083904758	0.08707777	0.089501296	0.091706194	0.095342323	0.098550664	0.102892975	0.108862552	0.11522651	0.119545245	0.124934272	0.128871972	0.132453675	0.139727037	0.14567317	-999
222	0.063265958	0.06444711	0.068245352	0.069133933	0.068818105	0.072647108	0.070543173	0.070094651	0.071394428	0.075514919	0.076585154	0.077169772	0.079111751	0.080485621	0.086136102	0.091081769	0.099450562	0.100695991	0.102954321	0.10813797	0.114626357	0.118364518	0.113239803	0.112425848	0.11446419	0.113981232	0.112849632	0.115472021	0.123146942	0.116416706	0.116105329	0.114068174	0.109088045	0.10657951	0.11184834	0.115211963	0.113769741	0.10667645	0.110061967	0.112710444	0.118931339	0.123375652	0.127209387	0.128815844	0.131259003	0.129250047	0.129251193	0.138382936	-999