1	0.072561154	0.092723653	0.095067864	0.099712806	0.099827343	0.12096783	0.120549769	0.114835081	0.121394396	0.119225624	0.1188327	0.020505266	0.016142546	0.016076218	0.016024056	0.011739326	0.012296322	0.011832376	0.01160289	0.011591797	0.011706709	0.007509175	0.007910394	0.007810977	0.007071475	0.007292053	0.00775063	0.013681757	0.014057641	0.018580139	0.026925794	0.041044212	0.037492263	0.040816563	0.044789507	0.042057997	0.049505118	0.059500543	0.063175856
2	0.155561611	0.158691375	0.205944141	0.234693164	0.191025062	0.191729938	0.196595523	0.202388064	0.186417418	0.19491629	0.127118514	0.095434061	0.065518504	0.062838406	0.066507093	0.067784409	0.082699872	0.073034572	0.065741101	0.067517188	0.060831838	0.051361074	0.051256018	0.068914543	0.071288461	0.070819582	0.068452497	0.042837194	0.052526936	0.064189184	0.098491169	0.0758569	0.084037874	0.105636486	0.092961941	0.102254704	0.125356216	0.080008449	0.114592096
3	2.803017354	3.03753686	3.224933777	3.606400479	3.859176003	3.907465538	3.968324779	4.218086334	4.297753784	4.50230161	4.753325722	4.916138909	5.031036031	4.884225078	4.735645919	5.048140212	5.24830614	5.592121474	5.748692362	6.019446853	6.190571222	6.170157236	6.390558968	6.789041156	6.901127019	7.479709412	7.41833356	7.129614221	7.178403007	6.944768814	6.927837879	6.828492246	6.999409831	6.510418645	6.561760333	6.696192523	6.910709728	6.780409425	6.68807878
4	0	0	0	0	0	0	0	0	0	0	0	0	0	0	0	0	0	0	0	0	0	0	0	0	0	0	0	0	0	0	0	0	0	0	0	0	0	0	0
6	0.33509804	0.29129369	0.2762624	0.395407656	0.462550452	0.511269369	0.621432995	0.789428936	0.989817324	0.990551233	1.037793714	1.092014754	1.152348788	1.112546212	1.169400603	1.404576668	1.542051564	1.548350845	1.595827317	1.614363748	1.622407299	1.609218911	1.941220672	1.956399876	2.293022933	2.697642343	3.058931213	3.758534061	4.231843792	4.062948516	4.138002845	3.816194126	3.890826609	3.932204112	3.802528446	3.949946917	3.93529724	3.792908694	3.792675339
8	0	0	0	0	0	0	0	0	0	0	0	0	0	0	0	0	0	0	0	0	0	0	0	0	0	0	0	0	0	0	1.95E-06	4.86E-06	4.76E-06	5.72E-06	5.71E-06	4.99E-05	5.09E-05	5.66E-05	0.000119017
9	1.597945607	1.671287918	1.729804384	1.785476876	1.852960338	1.834828933	1.843831912	1.834331805	1.905589005	1.985573305	2.014908835	2.104290731	2.279998013	2.477087336	2.68610395	2.909385579	3.026475474	3.281808481	3.375679669	3.406470902	3.490952398	3.659134917	3.573786996	3.741181952	3.851592394	3.834085895	3.890430268	3.727029412	3.665088167	3.546482805	3.479451727	3.314246583	3.207302891	3.126838422	3.118757158	3.137909548	3.225702556	3.210629184	3.317044381
10	-999	-999	-999	-999	-999	-999	-999	-999	-999	-999	-999	-999	0.031160446	0.043802941	0.035889364	0.0195928	0.04071154	0.030819838	0.032169334	0.036536488	0.034304848	0.033196589	0.041199143	0.04120475	0.045665273	0.046917644	0.046331502	0.045684968	0.04411912	0.04639953	0.051566047	0.051605197	0.046819248	0.045980655	0.04536061	0.050534947	0.047246935	0.049007438	0.043337275
11	-999	-999	-999	-999	-999	-999	0	0	0	0	0	0	0	0	0	0	0	0	0	0	0	0	0	0	0	0	0	0	0	0.0002928	0.001035112	0.001102766	0.001303692	0.001459773	0.001536861	0.00163746	0.001380295	0.001324019	0.001335666
12	3.563732004	4.088317225	4.154581169	4.546574116	4.842503474	5.274214123	5.50382542	6.108970295	5.54907736	5.908954204	6.533192717	6.833614083	7.044610352	6.993259471	7.091890406	7.692570927	7.838569645	8.183318111	8.613846279	8.69922666	9.432630528	9.961841563	10.19325951	9.826495924	9.834714599	10.51727391	10.56852515	10.98103597	10.96934703	11.44842748	12.30746497	12.20377628	12.86501758	13.94671914	14.95738953	15.08859446	15.69770384	16.33167866	16.73661776
13	0.477056822	0.470869668	0.472787467	0.461384562	0.445309168	0.462166206	0.461008282	0.403179699	0.50192675	0.503297396	0.465456697	0.472400419	0.498603096	0.514585297	0.491759463	0.520045997	0.486177296	0.493264364	0.513070654	0.549077562	0.565510967	0.557483871	0.557003628	0.491500975	0.516436813	0.50836949	0.525021619	0.551757998	0.5524752	0.577939368	0.545314472	0.505145309	0.593576684	0.567097561	0.56291977	0.530442922	0.550581868	0.54925098	0.522132236
14	-999	-999	-999	-999	-999	-999	-999	-999	-999	-999	-999	-999	0.778357872	0.717280783	0.661406255	0.645085406	0.651316474	0.619397184	0.730767138	0.84000268	0.83656206	0.880257595	0.878819774	0.904757823	0.887608073	1.181445888	1.65683658	2.213260671	2.466214641	2.754552602	2.838242311	2.709139674	2.601764809	2.507107698	2.484008545	2.509032406	2.466351383	2.347780957	2.402406887
15	0	0	0	0	0	0	0	0	0	0	0	0	0	0	0	0	0	0	0	0	0	0	0	0	0	0	0	0	0	0	4.88E-06	5.83E-06	8.56E-06	8.59E-06	1.90E-05	1.86E-05	1.85E-05	1.90E-05	3.18E-05
16	0.220752774	0.237047333	0.242845188	0.25078951	0.241762868	0.272163532	0.295236342	0.332325684	0.298459312	0.29825744	0.312586187	0.333319791	0.286746885	0.351525984	0.34827946	0.343585195	0.333921866	0.397731467	0.403707151	0.407563133	0.414906905	0.424585459	0.445107867	0.452094006	0.457374043	0.486748932	0.511238066	0.527876728	0.551433623	0.553778611	0.561371787	0.557395099	0.612048163	0.662190316	0.696633151	0.69984119	0.689598439	0.699203042	0.701859355
17	0.0535425	0.061926919	0.068085548	0.072315462	0.099606438	0.103319364	0.112541005	0.130109003	0.149763122	0.165180306	0.163530766	0.173230475	0.20442542	0.222012406	0.244167425	0.263654056	0.272208131	0.274744966	0.29569735	0.324581125	0.350521732	0.373716947	0.407646155	0.456995298	0.496593288	0.531871435	0.582746763	0.625616371	0.693989707	0.753303677	0.775206645	0.775033364	0.84684201	0.876716516	0.916413162	1.019838576	1.125547491	1.13204167	1.123309249
18	0.0004188	0.0004188	0.0025588	0.0025588	0.0047188	0.0046988	0.0046988	0.003309688	0.003733773	0.003402562	0.003826847	0.003789872	0.004780992	0.004521662	0.004270545	0.004521662	0.003811153	0.003517195	0.00479434	0.005806514	0.004687145	0.003913129	0.003213689	0.003213689	0.003256531	0.003115758	0.003348856	0.002838053	0.002776626	0.002745169	0.002758046	0.002780951	0.002874363	0.002998483	0.002761601	0.002927764	0.003054848	0.002965066	0.003032586
19	-999	-999	-999	-999	-999	-999	-999	-999	-999	-999	-999	-999	0.096877818	0.096980194	0.096127728	0.093990156	0.088969001	0.085536935	0.086499171	0.086412172	0.087263269	0.08704365	0.085593889	0.084264575	0.085130969	0.082081866	0.082628169	0.082207664	0.081927758	0.078247338	0.068217804	0.068134884	0.068350008	0.069510243	0.069155962	0.060862074	0.075678336	0.078725574	0.080917323
20	0.299878695	0.299836634	0.335462085	0.407233774	0.450642822	0.512263482	0.545206953	0.538484471	0.498365251	0.463784083	0.458170942	0.449639286	0.446530957	0.425026081	0.413101293	0.421080384	0.439719007	0.478691677	0.468360824	0.498015116	0.492179024	0.477162309	0.486956143	0.485848394	0.489449348	0.497025827	0.496797088	0.519467294	0.503440921	0.545981728	0.569015769	0.589053775	0.528296908	0.560924026	0.483285956	0.41900754	0.58851672	0.592497166	0.464123763
21	0.00041552	0.00041812	0.00041816	0.0004208	0.0004176	0.00041788	0.00041784	0.00041676	0.00041296	0.00041728	0.00041608	0.00041744	0.00041368	0.00041236	0.00041264	0.00082496	0.001034	0.001103004	0.001070685	0.00117599	0.001124456	0.001101539	0.001072977	0.000783513	0.000815753	0.000827967	0.006663983	0.008206468	0.009525926	0.010325911	0.012007553	0.011351925	0.00877448	0.007745298	0.007043331	0.006905321	0.007041595	0.00713533	0.00706521
22	0	0	0	0.00896	0.01573	0.01793	0.01793	0.01569	0.01124	0.008967432	0.008967432	0.008967432	0.0125888	0.013002776	0.013226962	0.006725574	0.00451668	0.002934841	0.002262252	0.00226231	0.001571522	0.001589967	0.001813832	0.000916993	1.00E-05	1.00E-05	4.96E-05	3.95E-05	3.94E-05	1.95E-05	1.95E-05	1.94E-05	1.90E-05	2.86E-05	2.85E-05	6.52E-05	9.32E-05	5.62E-05	4.73E-05
23	0	0	0	0	0	0	0	0	0	0	0	0	0	0	0	0	0	0	0	0	0	0	0	0	0	0	0	0	0	0	0	0	0	0	0	0	0	0	0
24	6.32E-05	7.47E-05	8.58E-05	8.70E-05	9.02E-05	9.02E-05	0.00314707	0.012199748	0.015815858	0.015987161	0.016072285	0.016297826	0.016641287	0.017298674	0.018165546	0.018735639	0.020211298	0.0194834	0.019203871	0.019372232	0.019556572	0.02106905	0.023373022	0.026432918	0.024571186	0.027611969	0.04589465	0.065612413	0.069292377	0.068920167	0.072241297	0.069416499	0.065829447	0.073149187	0.069361185	0.073473359	0.07470798	0.073174136	0.065831515
25	0.14792386	0.135751998	0.15157193	0.15040328	0.15659408	0.151089121	0.14833049	0.147817516	0.157697804	0.168630895	0.170491545	0.168954089	0.177823494	0.170836895	0.177234074	0.197852273	0.201123193	0.204559443	0.211773594	0.185290474	0.216187883	0.276794892	0.321053476	0.362861845	0.50475299	0.590867744	0.620261717	0.656345123	0.657705218	0.572271956	0.638666778	0.692626553	0.787891618	0.898327225	0.922081737	0.907945918	0.870984017	0.853757851	0.8133208
26	-999	-999	-999	-999	-999	-999	-999	-999	-999	-999	-999	-999	0.057448218	0.043002952	0.05562087	0.092499839	0.077279015	0.126125665	0.148000569	0.154196413	0.159303223	0.162495947	0.168675058	0.149105477	0.141051806	0.142973545	0.142992059	0.128080291	0.145501183	0.15749365	0.170219605	0.145183408	0.140786995	0.158791453	0.146462336	0.140139784	0.145890683	0.139109216	0.163123629
27	0.008262057	0.008484744	0.009241913	0.008796519	0.00875198	0.009731845	0.010912138	0.010845329	0.013562228	0.01476479	0.017682117	0.01745942	0.020064972	0.019820005	0.020064972	0.020265399	0.016212319	0.017281263	0.020577174	0.016011892	0.020933489	0.020376747	0.021222994	0.018327937	0.020287668	0.021935624	0.021423421	0.018439286	0.020265399	0.016435016	0.022002433	0.017548499	0.032768199	0.033334507	0.038240847	0.046562169	0.0419666	0.049620988	0.055510592
28	1.980662155	2.084971955	2.340262941	2.707370839	3.286701013	3.639235797	3.63958808	3.703158696	3.797903433	3.992619251	4.031686115	4.206990546	4.23880883	4.358551511	4.558087668	4.770614447	5.166544862	5.427398514	5.811252236	6.190719929	6.621395092	6.429002924	7.000481575	7.357245853	7.487147479	8.042588598	8.420774663	8.846277915	9.221385684	9.531708748	10.11268892	10.46705091	10.34784949	10.29542877	10.80923617	11.15859126	11.58972534	11.93335027	12.14763694
30	0	0	0	0	0	0	0	0	0	0	0	0	0	0	0	0	0	0	0	0	0	0	0	0	0	0	0	0	0	0	1.08E-05	1.32E-05	1.30E-05	1.30E-05	1.29E-05	1.45E-05	1.44E-05	1.44E-05	1.42E-05
31	0.94578305	0.806450125	0.764114125	0.789742125	0.73602445	0.7103194	0.7357214	0.68956359	0.681277156	0.671717881	0.72360456	0.680758308	0.704077725	0.712036547	0.722953031	0.750604144	0.727049648	0.74138825	0.70270485	0.77503907	0.816251017	0.836791428	0.792873391	0.828074585	0.850550282	0.863159666	0.972458838	0.863490086	0.827259426	0.730809991	0.751849818	0.814514614	0.770139008	0.722986826	0.671080129	0.708250451	0.681324547	0.706027493	0.699029034
32	0.294965864	0.318699623	0.346497041	0.367679151	0.380109023	0.362153595	0.379197622	0.394154646	0.408499239	0.406338776	0.368104083	0.33586155	0.32862328	0.345516411	0.353098283	0.39385374	0.417020499	0.390569596	0.39227806	0.348442398	0.37908481	0.380919516	0.403906373	0.373541714	0.376889005	0.497174886	0.415126819	0.363497079	0.371160964	0.359581436	0.394364541	0.444596541	0.431005701	0.398264765	0.459558512	0.494741855	0.451338997	0.461723947	0.467683059
33	0	0	0	0	0	0	0	0	0	0	9.36E-05	0.000135668	0.00020684	0.000484523	0.000742752	0.000969328	0.00117876	0.001174495	0.000795366	0.001257798	0.000989497	0.000547649	0.000651072	0.000972	0.001006047	0.000994581	0.000792141	0.001090235	0.001326082	0.001278306	0.001190232	0.00087444	0.001008696	0.001107233	0.000961937	0.00099061	0.00143373	0.001458418	0.001659659
34	2.08E-05	2.09E-05	2.09E-05	0.00024196	0.00040716	0.000480562	0.000637206	0.000979386	0.001063372	0.001064064	0.001113014	0.00114796	0.001075568	0.001113372	0.001176024	0.001206504	0.00120978	0.00122556	0.001111473	0.000991922	0.000999698	0.001177962	0.001281798	0.0010125	0.00090144	0.000949905	0.000912548	0.001146544	0.001093794	0.0011712	0.001433156	0.00131166	0.001398852	0.001412068	0.0014265	0.001369893	0.00143096	0.0018426	0.001491126
35	0.000509012	0.000554009	0.00057497	0.0004208	0.0003132	0.000365645	0.00041784	0.000468855	0.0005162	0.000563328	0.000644924	0.000667904	0.000692914	0.000711321	0.000732436	0.000752776	0.00079618	0.000582141	0.00050985	0.000449944	0.000479447	0.000320323	0.00030519	0.000496125	0.000420672	0.000589941	0.000644735	0.00064246	0.000610948	0.000569008	0.000539507	0.000721899	0.005093915	0.009734682	0.017624883	0.018836495	0.024356786	0.025458283	0.043425443
36	0.1402838	0.20759087	0.257840712	0.26857156	0.31587664	0.425615865	0.408264462	0.401734119	0.380541942	0.396217174	0.376672764	0.359737711	0.331912689	0.301904506	0.261801892	0.269083231	0.264503308	0.300468262	0.294150959	0.250857856	0.219420523	0.201936304	0.183623663	0.180824851	0.182528079	0.216783282	0.232917249	0.218958631	0.219828595	0.207198445	0.190611213	0.182327667	0.187948206	0.178246839	0.222090204	0.278537321	0.267322935	0.244959876	0.266413421
37	10.15265901	9.962025314	9.959678785	10.2126879	11.15280161	11.81152563	11.72121325	12.36119193	13.18219175	13.0815882	13.15455121	13.68680241	14.23160028	15.12834553	16.05674858	16.52261743	16.91204562	17.05954069	17.04644434	17.31024894	17.77778932	17.89370519	18.24369622	18.16169385	18.55225397	18.76704293	19.11050206	19.41980707	18.94318609	18.29333261	18.2883179	18.70196957	19.11598328	19.93272918	20.78166118	20.89348235	21.14223105	22.66842914	23.69157162
38	0	0	0	0	0	0	0	0	0	0	0	0	0	2.06E-05	5.16E-05	6.19E-05	7.24E-05	7.15E-05	8.16E-05	8.18E-05	8.16E-05	6.20E-05	6.10E-05	5.06E-05	6.01E-05	6.00E-05	6.94E-05	6.92E-05	5.91E-05	6.83E-05	3.90E-05	0.0002429	0.000675636	0.000791903	0.0008559	0.000792115	0.000766256	0.000690975	0.000810256
39	0	0	0	0	0	0	0	0	0	0	0	0	0	0	0	0	0	0	0	0	0	0	0	0	0	0	0	0	0	0	0	0	0	0	0	0	3.69E-05	0.000131645	0.000147166
40	0.000685608	0.000679445	0.000710872	0.00067328	0.00072036	0.00062682	0.000793896	0.000760587	0.000763976	0.000771968	0.000790552	0.0007827	0.000796334	0.000793793	0.000814964	0.00082496	0.00083754	0.000847679	0.000825957	0.000828306	0.000846683	0.000847306	0.000834186	0.000840375	0.001241984	0.001329867	0.001378741	0.001344224	0.001340144	0.0013176	0.00130828	0.001421451	0.00142169	0.001310933	0.001601484	0.00156932	0.001563901	0.001385635	0.0013656
41	0	0	0	0	0	0	0	0	0	0	0	0	0	0	0	0	0	0	0	0	0	0	0	0.0821496	0.3895944	0.4023552	0.3596736	0.32843616	0.29042208	0.27210768	0.2790528	0.26184288	0.23862384	0.227760954	0.275590551	0.280147596	0.260443618	0.291618481	0.300725136
42	0.270717167	0.286899928	0.262572181	0.257488269	0.265911148	0.269922483	0.256580156	0.260324913	0.255205187	0.255644658	0.297822417	0.289530527	0.321672766	0.327227768	0.325342751	0.348904833	0.332439253	0.332707478	0.288119877	0.224178337	0.278243579	0.312524858	0.345509789	0.327603943	0.322412008	0.378980297	0.394978515	0.334456074	0.355240092	0.383564391	0.338352639	0.344788217	0.320818079	0.357313588	0.389289359	0.411211393	0.413739802	0.417565546	0.444252541
43	19.53949833	19.35862463	20.43655306	21.8577274	23.91805068	26.2841124	27.06847254	28.0441804	29.37804595	31.1969355	31.87634411	32.12976847	32.90884596	34.0498831	36.2147161	37.95612246	40.03109885	39.42453379	39.05946422	38.82116901	41.26159126	44.01149048	46.20260621	52.76437558	60.32711672	66.77992211	72.18678345	77.52234637	82.35258227	87.79838228	97.03274875	104.9463135	110.9880874	113.4030206	114.7911921	114.3024717	107.0461332	111.9408098	117.7979093
43	0	0	0	0	0	0	0	0	0	0	0	0	0	0	0	0	0	0	0	0	0	0	0	0	0	0	9.92E-06	9.88E-06	9.85E-06	9.76E-06	0.000546674	0.001571327	0.000595751	0.000949144	0.004534135	0.000819616	0.000988673	0.001087659	0.001035288
43	0	0	0	0	0	0	0	0	0	0	0	0	0	0	0	0	0	0	0	0	0	0	0	0	0	0	0	0	0	0	0	0	0	0	0	0	0	0	0
43	0.23351888	0.287572759	0.301245459	0.356776106	0.404997853	0.453266865	0.420721312	0.474617181	0.411902711	0.40698852	0.4962014	0.426627249	0.438783257	0.413864017	0.431834178	0.434679421	0.456306431	0.44327352	0.45757827	0.46419697	0.464512369	0.444025555	0.467107145	0.460615891	0.468731237	0.479231075	0.468227396	0.48018069	0.482066727	0.482847506	0.490066114	0.498372781	0.502166118	0.515549148	0.51282463	0.459660216	0.429298457	0.336006681	0.386972367
44	0.66019185	0.669737728	0.753739911	0.782483404	0.928810067	1.01431685	1.381908036	1.546926402	1.609075914	1.773630045	1.921809034	1.865392046	1.889490683	1.981613465	2.054446182	2.429558246	2.658744696	2.784986841	2.982240548	3.145851706	3.008760631	3.006361218	2.930498011	3.027700493	3.141524721	3.275575673	3.501874576	3.533479518	3.926310828	4.075570266	4.416550217	5.061696664	5.234648503	5.316926979	5.353335334	5.322545243	5.18336029	5.192842508	5.062689418
45	2.08E-05	2.09E-05	2.09E-05	2.10E-05	2.09E-05	2.09E-05	2.09E-05	2.08E-05	2.06E-05	2.09E-05	2.08E-05	2.09E-05	2.07E-05	2.06E-05	2.06E-05	2.06E-05	2.07E-05	2.04E-05	2.04E-05	2.05E-05	2.04E-05	2.07E-05	3.05E-05	4.05E-05	5.01E-05	5.00E-05	4.96E-05	4.94E-05	4.93E-05	4.88E-05	4.88E-05	4.86E-05	2.85E-05	1.91E-05	1.90E-05	1.86E-05	1.85E-05	3.69E-06	3.64E-06
46	0.090201455	0.089652695	0.095168328	0.103183314	0.120468875	0.125581812	0.126094245	0.125853674	0.121359608	0.124180796	0.123399911	0.114411874	0.117922939	0.110065852	0.110415131	0.127245898	0.1269002	0.111586985	0.105127831	0.100863154	0.116527072	0.112608269	0.110172374	0.108949582	0.115549357	0.115557581	0.116762711	0.124064355	0.115940643	0.122574052	0.12058274	0.118396437	0.114661217	0.120827562	0.126147276	0.125379587	0.126444453	0.12750115	0.148960115
47	0.139061912	0.176804406	0.190207196	0.18668198	0.25929202	0.258262736	0.25423699	0.264449225	0.307581997	0.350090818	0.353145714	0.334060094	0.37244776	0.385515662	0.38283477	0.399946574	0.429719058	0.557853772	0.581580675	0.592559999	0.614625854	0.55982093	0.547213732	0.538483142	0.513804333	0.50231338	0.529767263	0.462186847	0.521960617	0.599007632	0.765486227	0.670340951	0.619203886	0.589324725	0.569281884	0.579833762	0.492079162	0.591851731	0.791833588
48	0	0	0	0	0	0	0	0	0	0	0	0	0	0	0	0	0	0	0	0	1.02E-06	1.03E-06	1.02E-06	1.01E-06	1.30E-06	1.30E-06	1.29E-06	1.28E-06	1.28E-06	1.27E-06	1.27E-06	1.26E-06	9.52E-07	7.63E-06	1.38E-05	3.24E-05	4.32E-05	5.47E-05	9.77E-05
49	0.021794024	0.023634233	0.024692348	0.0295086	0.03110076	0.028718803	0.029938236	0.030986106	0.03117848	0.034289984	0.034825896	0.037872244	0.04157484	0.045235892	0.0451325	0.041278936	0.04457574	0.055109348	0.049995891	0.061284418	0.069295393	0.070099072	0.075343988	0.073572745	0.080831691	0.081743138	0.082916236	0.08532432	0.089096035	0.08577088	0.08653572	0.086414104	0.089881717	0.087302533	0.088335693	0.100915874	0.100006487	0.103038192	0.102488917
50	0.01613186	0.033111878	0.037475874	0.06075484	0.06215236	0.074340768	0.055385834	0.051429504	0.038577548	0.017346535	0.017922753	0.017268047	0.013973746	0.012282487	0.02662941	0.036963545	0.066097356	0.081591696	0.086543701	0.099597584	0.09255145	0.092015333	0.090624806	0.106648251	0.120503151	0.145262301	0.195399799	0.183717645	0.203988068	0.20235772	0.16921046	0.160569353	0.162288938	0.167764994	0.169080792	0.150119508	0.184167052	0.183812072	0.181241667
51	-999	-999	-999	-999	-999	-999	-999	-999	-999	-999	-999	-999	0.201116205	0.211559621	0.213580071	0.209582526	0.215810875	0.187098829	0.191802321	0.188036591	0.181731773	0.189777203	0.165196754	0.170646118	0.179006128	0.165725803	0.159333744	0.154995304	0.161797265	0.178201021	0.197527803	0.151502065	0.143673685	0.174024097	0.175992191	0.148165214	0.150778899	0.13418671	0.163620288
52	0.024268944	0.030598467	0.036147562	0.04108628	0.047954964	0.054049751	0.057485528	0.057936596	0.052144836	0.05269031	0.055519987	0.053564361	0.058638255	0.062691707	0.071774547	0.074116528	0.086909628	0.113653644	0.101188446	0.121558175	0.131687904	0.139458963	0.135243479	0.152306546	0.159323205	0.142686111	0.140912479	0.144798247	0.170290728	0.166854155	0.173479829	0.172030466	0.171311662	0.1707766	0.174861187	0.168510887	0.159153409	0.146920569	0.148433633
53	0	0	0	0	0	0	0	0	0	0	0	0	0	0	0	0	0	0	0	0	0	0	0	0	0	1.00E-05	9.92E-06	2.97E-05	0.000402791	0.000576321	0.000937084	0.0019641	0.002582866	0.003178098	0.00295761	0.003699643	0.003905136	0.004065371	0.004342608
54	-999	-999	-999	-999	-999	-999	-999	-999	-999	-999	-999	-999	-999	1.572247467	1.444870391	1.400046216	1.445090866	1.392700043	1.285276099	1.155914981	1.257841416	1.287090058	1.293048843	1.369188591	1.384636639	1.336447773	1.366001147	1.361119906	1.329074374	1.286324314	1.289768642	1.350121661	1.341401566	1.245280303	1.142434684	1.102920348	1.034219297	1.053349988	1.037013975
55	0.01278164	0.031404043	0.072812712	0.0955242	0.10840148	0.168474889	0.23854759	0.304582828	0.311637653	0.367471316	0.382068919	0.461202557	0.513678889	0.55610865	0.595133159	0.614950166	0.708947657	0.816896141	0.839872748	0.981803356	1.144897295	1.119292691	1.180319131	1.185030581	1.287332635	1.304101111	1.22204359	1.122525799	1.104580155	0.979547227	0.963830011	0.866908008	0.796728079	0.712202786	0.703564864	0.690643689	0.647588451	0.68322303	0.59678162
56	0	0	0	0	0	0	0	0	0	0	0	0	0	0	0	0	0	0	0	0	0	0	0	0	0	0	0	0	0	0	0	0	4.76E-06	4.77E-06	4.76E-06	4.66E-06	4.62E-06	4.61E-06	9.10E-06
57	9.35E-05	0.00010453	9.41E-05	0.0001578	0.00016704	0.000146258	0.000135798	0.000145866	0.000165184	0.000166912	0.000166432	0.000166976	0.000165472	0.000164944	0.000175372	0.000195928	0.00019646	0.00020426	0.000275319	0.000327232	0.000326432	0.000278991	0.00030519	0.000293625	0.000340544	0.000271973	0.000269797	0.000210529	0.000200036	0.000233264	0.000233168	0.000348804	0.000260738	0.000356833	0.000298205	0.000236302	0.00034488	0.000261253	0.000229221
58	0.006710648	0.009229999	0.008687274	0.00907876	0.00667116	0.011220078	0.00981924	0.01031481	0.00898188	0.006499136	0.004337634	0.006032008	0.00573981	0.011886277	0.005911068	0.006589368	0.00924396	0.007210378	0.007729326	0.01150425	0.008079192	0.007584422	0.00925743	0.01253475	0.01672672	0.019128087	0.017645901	0.017188276	0.013923702	0.0145668	0.014736438	0.01573992	0.018641844	0.02108561	0.01572954	0.01239427	0.018214736	0.026312328	0.024562592
59	0.463394437	0.475113948	0.475704851	0.543089701	0.606404131	0.662064007	0.692363107	0.432679234	0.717665203	0.666644825	0.682429035	0.713151579	0.763434486	0.82062332	0.873580459	0.919369208	0.944192851	0.923786871	0.896001345	0.897614747	0.953608048	0.984579522	0.941876058	0.980435267	1.244815347	1.249061848	1.266181638	1.232144832	1.234508076	1.169503753	1.166280828	1.216370867	1.248624654	1.285884287	1.359333104	1.342430527	1.381274147	1.377477871	1.346432
60	1.452529323	1.481261556	1.691065923	1.841069567	2.079927787	2.232963329	2.092718232	2.29934391	2.237493534	2.319316823	2.361297722	2.395582492	2.388287376	2.480691823	2.52184994	2.59907679	2.649482912	2.513190332	2.477090139	2.593068289	2.549575913	2.694475079	2.670626952	2.853583271	2.860812826	3.17313202	3.58107686	3.639232417	3.818237295	3.960313125	3.899689517	3.908182972	3.895562123	3.755140096	3.46193774	3.320786987	3.178489589	3.432288074	3.790767611
61	0.016028684	0.016108073	0.017374548	0.01554856	0.01787328	0.016662965	0.016838952	0.016284897	0.017839872	0.019476544	0.019410132	0.013337208	0.014406406	0.015989259	0.016515916	0.01964436	0.02392676	0.019629386	0.020638728	0.02423562	0.020086789	0.022082654	0.022191905	0.026015961	0.025021761	0.029988938	0.039681423	0.038345039	0.0415923	0.030774256	0.03696646	0.036134776	0.034610644	0.03520629	0.03440718	0.029392126	0.029208405	0.03319244	0.032772861
62	2.08E-05	2.09E-05	2.09E-05	2.10E-05	2.09E-05	2.09E-05	2.09E-05	2.08E-05	2.06E-05	2.09E-05	2.08E-05	0.000220308	0.003220402	0.008995238	0.010014288	0.009995702	0.034017688	0.104578815	0.166301967	0.204194894	0.336100166	0.36298331	0.470933307	0.459905407	0.738695605	0.79099317	0.762193754	0.831753989	0.927279237	0.910014242	0.880217596	0.840168789	0.846168153	0.813695878	0.776511189	0.759673325	0.698979798	0.629768875	0.572809858
63	-999	-999	-999	-999	-999	-999	-999	-999	-999	-999	-999	-999	-999	-999	0	0	0	1.02E-05	1.02E-05	1.02E-05	1.02E-05	1.03E-05	1.02E-05	1.01E-05	1.00E-05	1.00E-05	1.98E-05	1.98E-05	1.97E-05	1.95E-05	3.90E-05	3.89E-05	3.81E-05	3.82E-05	3.80E-05	3.73E-05	3.69E-05	0.000119769	0.00040968
64	-999	-999	-999	-999	-999	-999	-999	-999	-999	-999	-999	-999	1.03E-05	1.03E-05	3.09E-05	8.25E-05	7.24E-05	0.000112343	0.000173349	0.000173842	0.000193819	0.000196327	0.00030519	0.000496125	0.00060096	0.001109889	0.00128947	0.00143318	0.001941238	0.005281136	0.01018624	0.011457107	0.014057987	0.012222021	0.01393215	0.015245884	0.015260496	0.017891646	0.018990944
65	0.004913524	0.005247406	0.006000596	0.00655396	0.00713052	0.007803909	0.008576166	0.009231234	0.009869744	0.010369408	0.011317376	0.011448292	0.011655434	0.012896559	0.01382344	0.014581168	0.0154583	0.01583015	0.016203033	0.016453634	0.017127479	0.020842694	0.020834304	0.023338125	0.02549072	0.028577142	0.032544239	0.03355618	0.032905795	0.034881508	0.04843582	0.061170144	0.071990378	0.082775849	0.090334322	0.097162792	0.1155296	0.121033853	0.122634685
66	0	0	0	0	0	0	0	0	0	0	0	0	0	0	0	0	0	0	0	0	2.04E-06	2.07E-06	2.03E-06	2.53E-06	2.50E-06	2.50E-06	2.98E-06	2.97E-06	1.97E-05	1.95E-05	4.88E-05	5.83E-05	6.66E-05	6.68E-05	6.66E-05	5.96E-05	6.74E-05	5.99E-05	6.10E-05
67	0.000509012	0.000512197	0.000512246	0.00051548	0.00051156	0.000511903	0.000511854	0.000510531	0.000640088	0.000740672	0.000769748	0.000772264	0.000858386	0.000752557	0.000784016	0.000783712	0.00073414	0.000776188	0.000795366	0.00071582	0.000773083	0.000782198	0.000977503	0.000889208	0.001011135	0.001083072	0.001139812	0.001177837	0.001063148	0.001039313	0.000787895	0.001039612	0.00104676	0.001059051	0.00148356	0.001751972	0.001449424	0.00156621	0.001554963
68	0	0	0	0.00051548	0.0029754	0.003040077	0.003645654	0.003813354	0.003582428	0.003619904	0.004171202	0.004184836	0.004198852	0.004185454	0.004394616	0.00458884	0.00461164	0.00459585	0.004466286	0.00480622	0.005172927	0.005611852	0.005667378	0.004435763	0.004718538	0.004410559	0.004494299	0.00596104	0.005952801	0.005378736	0.004715075	0.005140736	0.00561444	0.005600567	0.004607557	0.00445807	0.005114759	0.005153835	0.005789379
69	0.17442512	0.284703429	0.299499422	0.314713105	0.321407235	0.313931017	0.314679906	0.334407612	0.327779351	0.32124645	0.354667287	0.37902907	0.393955444	0.393588032	0.37684364	0.386564832	0.373923396	0.401857851	0.462927432	0.441605548	0.455634336	0.44326803	0.417997068	0.414163302	0.477424499	0.463396652	0.448075029	0.472919178	0.504489861	0.45432577	0.473693701	0.47269946	0.50880628	0.492574427	0.499474958	0.533659844	0.514795238	0.528352879	0.533053304
70	2.354438676	2.688790065	2.6568005	2.98928165	3.392803461	3.562050885	3.821817298	3.976027857	4.062959694	4.059482006	4.271035522	4.469164444	4.63009681	4.856533786	4.880209279	4.953506672	5.033531614	4.932070027	4.783560532	4.929568761	5.041703183	5.163028234	5.146787072	5.162422292	5.186591274	5.148952366	5.192944292	5.142149795	5.248839541	4.922584308	5.202081608	5.213777705	5.222026398	5.307590674	5.397886958	5.376686019	5.096009179	4.985775066	5.293307674
71	0	0	0	0	0	0	0	0	0	0	0	0	0	0	0	0	0	0	0	0	0	0.00547649	0.005584977	0.005781375	0.005939488	0.006159384	0.006338241	0.006553092	0.006789406	0.00693936	0.007297488	0.006791484	0.00589992	0.005218927	0.00536364	0.005209321	0.004608384	0.005765928	0.005459223
72	0	0	0	0.00016832	0.00025056	0.000334304	0.00036561	0.000364665	0.000598792	0.000667648	0.000717738	0.000772264	0.00093078	0.000969046	0.000990336	0.001289	0.00137522	0.001358329	0.001539747	0.000889662	0.001183316	0.001084965	0.001332663	0.00155925	0.001782848	0.001789821	0.0019838	0.002204132	0.002089048	0.00205936	0.002705339	0.002237595	0.002058311	0.001672537	0.001850209	0.001854593	0.002003381	0.001953967	0.001843951
73	0.382417216	0.330983524	0.342392828	0.34865042	0.35019486	0.37863902	0.36474359	0.344362592	0.353220799	0.457601003	0.590518211	0.642898383	0.652547196	0.684685578	0.717507978	0.79566928	0.805476678	0.807838142	0.767964224	0.723609452	0.689973186	0.592277632	0.552561163	0.531257831	0.527785438	0.58415913	0.522869622	0.535729547	0.546499095	0.532540168	0.540230281	0.529471532	0.518570463	0.4935279	0.495929311	0.481032772	0.47716166	0.448331004	0.442591706
74	-999	-999	-999	-999	-999	-999	-999	-999	-999	-999	-999	-999	0.076024294	0.07427602	0.076234088	0.05585355	0.064279854	0.069192334	0.071504972	0.072439312	0.065820165	0.063225415	0.071903246	0.072294761	0.065135866	0.066643277	0.054849719	0.069436433	0.072465274	0.076725517	0.094602366	0.080567862	0.074676826	0.087483994	0.0858219	0.085257319	0.091450831	0.090463327	0.093954833
75	-999	-999	-999	-999	-999	-999	-999	-999	-999	-999	-999	6.938603028	6.708493966	6.261084176	5.972731376	5.945714346	5.869786211	5.765053093	5.436218963	5.491878646	5.430911143	5.400321705	5.433247802	5.436182559	5.527002633	5.445813235	5.517584052	5.495746744	5.332256058	5.033126443	5.08239758	4.959054475	5.00111025	4.935797107	4.924276969	4.990144037	4.79907944	4.900227707	4.809998567
76	0.059127088	0.060139473	0.055963214	0.031136	0.02310156	0.033449212	0.046497494	0.048208713	0.049668764	0.054016896	0.058916928	0.0633987	0.069985146	0.067671076	0.065269724	0.070909792	0.080855516	0.080097766	0.049500224	0.065326282	0.08210619	0.082919961	0.06603148	0.05424898	0.067711904	0.068864253	0.068278427	0.04957064	0.073627702	0.07960208	0.083302216	0.238654388	0.246417704	0.290090738	0.308567752	0.302343378	0.288459418	0.412565811	0.461827516
77	0	0	0	0	0	0	0	0	0	0	0	0	0	0	0	0	0	0	0	0	0	0	0	0	0	0	0	0	0	0	0	0	0	0	0	0	0	0	0
78	0.141747105	0.17819412	0.212944356	0.222832532	0.241620242	0.25408176	0.269852776	0.293380805	0.300569192	0.30339665	0.297428367	0.315852183	0.311877385	0.305255759	0.313400255	0.324341971	0.341342546	0.333652183	0.336012022	0.336670072	0.350273159	0.34938524	0.370661744	0.382266867	0.389519381	0.389641056	0.380138354	0.3570312	0.363711067	0.383567337	0.373396206	0.357771599	0.386507097	0.393373769	0.391516436	0.381230434	0.318549564	0.330701543	0.344086965
79	0	0	0	0	0	0	0	0	0	0	0	0	0	0	0	0	0	0	0	0.001748646	0.001744371	0.001632614	0.001851486	0.0018225	0.001923072	0.002029797	0.001944124	0.002016336	0.001990508	0.0025864	0.002858508	0.00325486	0.003254472	0.003568334	0.00372792	0.003904661	0.003665104	0.003537792	0.003767417
80	0	0	0	0	0	0	0	0	0	0	0	0	0	0	0	0	0	0	0	0	0	0	0	0	0	0	0	9.88E-07	9.85E-07	9.76E-07	2.05E-05	3.01E-05	2.95E-05	2.96E-05	6.60E-05	1.43E-05	2.32E-05	3.03E-05	3.18E-05
81	0	0	0	0	0	0	0.00031338	0.00031257	0.00030972	0.00031296	0.00031206	0.00031308	0.00031026	0.000319579	0.000319796	0.000319672	0.00032054	0.000357455	0.00040788	0.00040904	0.001285326	0.001115964	0.001302144	0.00216675	0.002343744	0.002179782	0.002221856	0.002243668	0.002079194	0.00213744	0.002126808	0.002263828	0.001941264	0.001927282	0.002070574	0.001952004	0.001816802	0.001929773	0.001955038
82	0	0	0	0	0	0	0	0	0	0	0	0	0	0	0	0	0	0	0	0	0	0	0	0	0	0	0	0	0	9.76E-07	1.95E-06	1.94E-06	5.71E-06	1.91E-05	2.49E-05	0.000287771	0.000612479	0.00054939	0.000618726
83	0.016769996	0.014968482	0.01866516	0.0241746	0.01773908	0.014125863	0.029214068	0.026892412	0.026207544	0.03117427	0.0337621	0.035181982	0.03273501	0.038636511	0.042840058	0.044659681	0.051658242	0.058732062	0.074249492	0.081197656	0.078501105	0.076385779	0.067052066	0.091048559	0.084879682	0.080410955	0.091105958	0.084670966	0.084814773	0.071922147	0.080861593	0.080732008	0.086788136	0.091071721	0.095236255	0.08752302	0.093128033	0.104745901	0.100664
84	0.001537424	0.001547044	0.001547192	0.00160956	0.0016182	0.001681967	0.001702698	0.001719135	0.001734432	0.00177344	0.001799546	0.001836736	0.001840876	0.00185562	0.001877512	0.001969592	0.0020163	0.002910705	0.003130479	0.003998366	0.004141606	0.005641818	0.005991897	0.0040095	0.005498784	0.004889511	0.004523064	0.005268172	0.005163496	0.005054704	0.004711172	0.004021452	0.00463334	0.004598762	0.00406077	0.008405738	0.010199883	0.011360117	0.006937466
85	0	0	0	0	0	0	0	0	0	0	0	0	0	0	0	0	0	0	0	0	0	0	0	0	0	0	0	0	0	0	0	0	0	0	2.85E-06	9.32E-06	9.23E-06	9.21E-06	1.82E-05
86	5.19E-05	5.23E-05	5.23E-05	5.26E-05	5.22E-05	5.22E-05	5.22E-05	5.21E-05	5.16E-05	5.22E-05	5.20E-05	5.22E-05	5.17E-05	5.15E-05	5.16E-05	5.16E-05	5.17E-05	5.11E-05	6.12E-05	6.14E-05	0.000418241	0.000485651	0.000569688	0.000516375	0.000560896	0.000451955	0.000449331	0.000468502	0.000447372	0.00044408	1.00E-04	0.000129543	0.000184667	0.000214568	0.000204969	0.000266309	0.000204997	0.000178244	0.000172293
87	0.002378852	0.002446002	0.002697132	0.00281936	0.00290232	0.003207229	0.003488964	0.003459108	0.003427568	0.003463424	0.003827936	0.00360042	0.003288756	0.002793739	0.002382996	0.002578	0.00278146	0.002022174	0.003089691	0.00270989	0.00285628	0.00289324	0.002614461	0.0025515	0.002574112	0.002619738	0.002658292	0.001502368	0.001763866	0.0020008	0.00171608	0.001174664	0.002103036	0.001354822	0.00086541	0.000793699	0.000658149	0.001167563	0.001784657
88	0.008019536	0.008581913	0.008844084	0.00874212	0.0090306	0.009047102	0.013287312	0.011783889	0.017953436	0.0190384	0.021490532	0.021894728	0.02244214	0.023102469	0.0185688	0.017076672	0.02087646	0.021079632	0.019415088	0.02157686	0.022829838	0.019570702	0.01637853	0.01782	0.014633376	0.01859814	0.021732529	0.023098908	0.02429011	0.02866512	0.03409722	0.033432756	0.034619208	0.034567043	0.03193458	0.036558437	0.042273328	0.051197747	0.05795042
89	0.521931262	0.516513634	0.546169539	0.555259525	0.580109367	0.616606385	0.61005534	0.633581468	0.631357535	0.60277295	0.554861623	0.518601163	0.509613789	0.502011782	0.503319107	0.501869353	0.491258447	0.496929359	0.451608552	0.432389866	0.428458936	0.425885447	0.394892821	0.367749256	0.378078345	0.383025664	0.377024547	0.368469932	0.379107909	0.395598196	0.394470241	0.384092812	0.369322613	0.360823825	0.359276506	0.359773859	0.370056577	0.364066505	0.369991106
90	0.032233964	0.033627301	0.03737305	0.0396604	0.04093524	0.040200056	0.042389868	0.043259688	0.045570136	0.046672768	0.046413724	0.04638802	0.046507974	0.048215193	0.04879468	0.0507866	0.0524238	0.05647789	0.06342534	0.072839798	0.077680615	0.082281679	0.08484282	0.085282875	0.085616768	0.086101389	0.097731907	0.117530644	0.161024214	0.16307984	0.163354464	0.163704884	0.164563188	0.171693295	0.169281	0.172904726	0.167736208	0.173609772	0.17689072
91	2.829360075	3.348992739	3.620312988	3.975604633	4.310717786	4.618844377	5.001979878	5.164721142	5.70633744	5.979082579	6.354936911	6.639270188	6.724745078	6.840649489	7.30889309	7.784194422	7.981962176	8.32991852	8.473862155	8.490059083	8.595232489	8.897804492	9.360416966	9.881311289	10.42190249	11.04097853	11.66648541	12.25957695	12.46339724	12.85703339	14.0065613	14.41067702	14.26222509	14.47136336	14.68233753	14.8163169	15.79922803	16.25032376	17.18944078
92	4.224291184	4.33110556	3.706978627	3.845909598	4.28465394	4.191274718	4.40408608	4.405487477	4.584611157	4.92772006	5.265765515	5.853179966	5.931345123	6.137264935	6.458464087	6.685415278	7.193204407	7.217971679	7.369552946	7.830467485	7.506517592	7.343541066	7.501996655	7.759531238	7.965169729	8.399313449	9.000819203	9.694394902	10.32563545	10.69074349	12.4790964	13.37456658	13.69154934	14.93670444	14.37502851	14.22929675	14.15707086	14.03492576	15.83781464
93	3.942762018	3.291377689	5.131137478	5.676622631	5.298678009	5.582412904	5.062637932	5.664076881	5.70160561	7.010507661	7.650121649	8.253984019	8.526330604	8.836360085	9.155966631	9.347337156	9.644603484	9.842472276	9.898437867	9.998529736	10.40085278	10.67435552	10.44649692	11.35862432	12.05911288	13.11348948	13.11886289	12.99392418	13.35542277	14.26249652	14.61032294	14.78777887	13.63358956	13.05290344	13.90064898	14.47771188	17.02046244	18.21676827	18.06178704
94	5.450484367	2.163251454	2.189388131	2.168100955	2.61056118	3.090701288	3.659376524	4.576350776	5.969866549	6.471414776	4.542421913	0.691949161	1.018304986	1.211216477	1.32840566	1.352311641	1.38982557	2.60407583	4.706200923	5.474995398	5.62237857	5.217193892	4.421670307	2.844027643	4.378138482	4.125522482	4.394243336	4.563362585	5.184461489	5.172357571	5.210516778	5.661854031	6.439218504	6.596434845	7.235379377	8.669827918	9.561186463	9.868228642	10.22114339
95	0.042491605	0.060173476	0.082568583	0.088529522	0.091362668	0.097572809	0.070344421	0.067622788	0.081606089	0.089023676	0.090548047	0.092541768	0.092166578	0.103160545	0.106440638	0.106789154	0.103430919	0.092200973	0.073849597	0.060038428	0.055523627	0.040454205	0.043531905	0.036155408	0.044277699	0.039089235	0.042685823	0.0448803	0.052773176	0.056536833	0.04907177	0.061958351	0.058859954	0.061524098	0.067739734	0.079564118	0.180942744	0.210331323	0.218113025
96	0.081115	0.083075	0.005277	0.004238	0.004248	0.004238	0.0036146	0.002937814	0.002424507	0.00213412	0.001563656	0.001595066	0.001522891	0.001734151	0.001626895	0.001211565	0.001415339	0.001637395	0.00142092	0.00113653	0.000856487	0.000746443	0.000894408	0.001270614	0.024190513	0.024949018	0.035199177	0.041276018	0.052097545	0.043437418	0.058158252	0.098116022	0.055049205	0.172083937	0.297202746	0.322193507	0.363273329	0.37385138	0.394223035
97	1.089984755	1.121641201	1.17307901	1.124501392	1.172866052	1.173463342	1.257855705	1.194852142	1.266387068	1.191513316	1.189206622	1.287924586	1.317127654	1.34941849	1.422429121	1.358922611	1.428909343	1.421211658	1.404837741	1.345784042	1.336990918	1.306992627	1.233476866	1.190002469	1.274996701	1.210255226	1.183055689	1.099414502	1.181638194	1.203420093	1.322752665	1.380198811	1.450057459	1.615826403	1.685404726	1.528263983	1.40468001	1.375011677	1.483555985
98	0.001786736	0.001787463	0.001954898	0.00214608	0.00139896	0.001295428	0.001702698	0.001937934	0.001899616	0.002232448	0.002153214	0.001732376	0.0020684	0.002216435	0.002486156	0.002248016	0.00235752	0.002440907	0.002192355	0.002219042	0.002213617	0.001487952	0.003732393	0.004869662	0.004621332	0.005220853	0.009301838	0.008813774	0.010888303	0.00217648	0.002175588	0.002613604	0.002702544	0.00248066	0.00272937	0.002637277	0.005304445	0.00469863	0.004952576
99	2.34491156	2.363745984	2.515194423	2.659017525	2.770454447	3.113446504	3.18965271	3.376004911	3.337626828	3.344119352	3.337078678	3.545222099	3.475450016	3.849263351	3.738261252	4.12003824	4.216491893	4.452929495	4.553648904	4.346585679	4.599155905	4.567934601	4.27913805	3.892596412	4.288137218	4.296436135	4.537680965	4.177436585	3.875395881	4.083197934	4.436361217	3.203241259	1.70676972	1.775147967	1.758756852	1.924401424	2.000331276	2.221020788	2.610124811
100	0	0	0	0	0	0	0.002211338	0.001287961	0.001368748	0.003543753	0.005655581	0.005541431	0.005714572	0.007699463	0.01050957	0.010917208	0.010221017	0.010926953	0.010516097	0.010526787	0.011238335	0.011284973	0.01211605	0.01201192	0.012116766	0.011036362	0.012460639	0.008153621	0.006977676	0.007217834	0.007256586	0.006559873	0.006031479	0.005542429	0.004938085	0.006184619	0.01175705	0.016567668	0.023395705
101	-999	-999	-999	-999	-999	-999	-999	-999	-999	-999	-999	-999	4.679090404	4.042567924	3.796000221	3.288814341	3.183966703	3.269554077	3.224298609	3.063533126	3.942580877	4.260600478	4.506254219	4.742825037	5.256771515	5.549328794	6.064374558	6.358636848	6.44464862	6.676277008	7.116433563	7.382737803	7.440305386	7.529642073	7.544869231	7.540533263	7.359568305	8.053171756	8.36370912
102	0.012278616	0.016128979	0.016904118	0.0195672	0.019314	0.022377474	0.023336364	0.024182499	0.028742016	0.030597056	0.031611678	0.033875256	0.033652868	0.035617595	0.03528072	0.037566616	0.0396539	0.037931082	0.038269341	0.029819016	0.020983457	0.032807275	0.03855567	0.04384125	0.041977056	0.043155684	0.045369506	0.0474432	0.040765998	0.036892014	0.05013014	0.050417616	0.057845665	0.057330358	0.062020904	0.080227855	0.075079481	0.075316275	0.087867748
103	0	0	0	0	0	0	0	0	0	0	0	0	0	0	0	0	0	0	0	0	0	0	0	0	0	4.00E-06	3.97E-06	3.95E-06	4.93E-06	4.88E-06	6.83E-06	6.80E-06	7.61E-06	7.63E-06	1.21E-05	3.64E-05	4.47E-05	4.46E-05	4.40E-05
104	0.875653232	0.909278158	0.951481992	0.963248473	0.985544375	0.813568794	0.815893056	0.816866833	0.969228758	0.785159141	1.000231168	0.942637385	0.884929744	0.822094278	0.784237345	0.745210727	0.659819831	0.629917929	0.574047371	0.641202208	0.672862195	0.693483066	0.661615353	0.682267517	0.701398531	0.739364269	0.74899881	0.74032622	0.771936546	0.766625518	0.943996578	0.891465179	0.894320652	0.889679599	0.899430233	0.797072562	0.91424589	0.664088647	0.912110251
105	0.531992638	0.566368589	0.573820478	0.628789649	0.692879035	0.782613886	0.939818612	1.057181698	1.044862292	1.039123107	1.002048459	0.966587681	0.884225818	0.845484304	0.776215314	0.818260663	0.859189741	0.87548874	1.006988549	1.133129103	1.186527207	1.208033888	1.25075514	1.364608328	1.367052598	1.498931787	1.533089165	1.492993641	1.560753811	1.541557923	1.555039314	1.625913729	1.570021039	1.47514547	1.634343472	1.723760028	1.738987998	1.643032395	1.539505771
106	3.990116666	2.628179549	1.94445479	2.513493302	2.76006545	2.439123067	3.362563697	3.766420672	3.626536246	4.315720871	2.793697588	0.429466441	2.442617647	4.284703316	4.727391726	4.812428636	4.818955471	4.847490903	5.015414422	4.59661594	5.035600258	4.813990108	4.580557151	5.14196681	5.706351232	6.119572843	6.136962312	5.98443798	6.292156186	5.727599659	5.634852691	6.200633616	6.516911286	6.562680471	6.498134381	6.794194387	7.072840514	6.697078121	6.909177809
107	-999	-999	-999	-999	-999	-999	-999	-999	-999	-999	-999	-999	0.13720244	0.125442894	0.13770076	0.126294501	0.137000639	0.123221368	0.111268585	0.133236137	0.149643889	0.139519363	0.119479856	0.145977632	0.151080264	0.137251487	0.132766215	0.133658936	0.109646817	0.110973358	0.118909288	0.151574673	0.154235266	0.149442465	0.156782777	0.134188861	0.136784973	0.161558457	0.167654909
108	0.00955696	0.011383317	0.011896652	0.01071988	0.0098136	0.008953079	0.008555274	0.005532489	0.005027788	0.006895552	0.00856099	0.009246196	0.009061104	0.00922983	0.009195735	0.011224699	0.013403154	0.013877208	0.021627898	0.028144134	0.038261863	0.039282626	0.03831162	0.034870322	0.037405009	0.042987826	0.044344765	0.043078654	0.047511566	0.045103035	0.097595151	0.143113303	0.143400037	0.169314235	0.169052575	0.230000652	0.438339734	0.467071627	0.492300507
109	-999	-999	-999	-999	-999	-999	-999	-999	-999	-999	-999	-999	0.025834316	0.029339414	0.033753952	0.029987296	0.01904628	0.029862812	0.030509424	0.027927206	0.028511795	0.029046063	0.025015407	0.023439375	0.031961452	0.034144959	0.027880905	0.028427319	0.032835172	0.036537627	0.03727435	0.032019249	0.042038151	0.035399227	0.028892502	0.028090028	0.033940242	0.052378978	0.03533291
110	0.008736308	0.008790973	0.006721922	0.00582808	0.00604476	0.006048813	0.005787084	0.006293076	0.006132456	0.00516384	0.003089394	0.00516582	0.00563639	0.007350317	0.008345644	0.00732152	0.0081686	0.009109996	0.007923069	0.003364354	0.004539445	0.00340989	0.006826083	0.013658625	0.011107744	0.010358964	0.006824272	0.005722836	0.003636126	0.00601216	0.008116992	0.007753368	0.009506484	0.012050283	0.00194004	0.004612905	0.003803584	0.004218172	0.003810206
111	0	0	0	0	0	0	0	0	0	0	0	0	0	0	0	0	0	0	0	0.00199407	0.002937888	0.002944905	0.003194322	0.003290625	0.002974752	0.004589541	0.005207475	0.005475736	0.005754736	0.00632448	0.006770664	0.00476084	0.004624776	0.004913615	0.00495471	0.004968798	0.004828594	0.004972017	0.004913192
112	0.003438428	0.003282242	0.003428912	0.0033664	0.00232812	0.002705773	0.00329049	0.003292404	0.003314004	0.003244352	0	0	0	0	0	0	0	0	0	0	0	0	0	0	0	0	0	0	0	0	0	0	0	0	0	0	0	2.76E-05	3.64E-05
113	4.02892215	2.574189025	2.613134925	2.524163249	2.52639665	2.461317375	2.433843251	2.294076751	2.733876065	2.70166576	3.183187156	3.431609849	3.342907016	3.168822058	3.205148293	3.227878565	3.276290402	3.386002444	3.260745399	3.067733551	3.297678078	3.207456076	3.112092854	3.30084392	3.608920401	4.039152001	4.351427946	4.559564879	4.621350793	4.404147041	4.448502945	1.372333295	3.664047665	2.640585164	1.652141926	1.454610711	1.361758268	2.242900518	2.51712874
115	-999	-999	-999	-999	-999	-999	-999	-999	-999	-999	-999	-999	0.151081146	0.138119183	0.088899049	0.124127282	0.144913316	0.126894586	0.153258143	0.114066548	0.101588245	0.138951237	0.165831038	0.176844185	0.170504356	0.116136266	0.097656965	0.110443712	0.112840954	0.122634334	0.017690684	0.01873118	0.019762972	0.0237187	0.023448366	0.024968904	0.028874695	0.033238712	0.031442187
116	0.00119462	0.001337984	0.001223118	0.0012098	0.00128412	0.001086488	0.001211736	0.001489917	0.001455684	0.001126656	0.001081808	0.001262756	0.001044542	0.001092754	0.001629928	0.00144368	0.00104434	0.001337903	0.00173349	0.00158503	0.002060602	0.002076416	0.001871323	0.001701	0.002283648	0.002389761	0.00277732	0.003004736	0.002778828	0.00259616	0.003014604	0.002982812	0.003463824	0.004045384	0.0042795	0.004594267	0.004809872	0.006209562	0.006900832
117	-999	-999	-999	-999	-999	-999	-999	-999	-999	-999	-999	-999	0.051160996	0.04766796	0.049169252	0.052547759	0.052440051	0.050109757	0.060975594	0.059202326	0.057817379	0.056022407	0.054015935	0.058954422	0.059039332	0.056886378	0.056844245	0.049842246	0.054940159	0.05776117	0.064717785	0.064238662	0.054790153	0.05616424	0.053632697	0.055773343	0.050494883	0.042620444	0.0479097
118	0.001516648	0.001588856	0.002362604	0.0025774	0.00263088	0.002663985	0.002778636	0.002979834	0.0030972	0.003275648	0.003515876	0.003464752	0.003536964	0.003546296	0.003579652	0.003805128	0.00435314	0.00459585	0.0050985	0.00526639	0.00550854	0.005455824	0.005442555	0.0061155	0.006350144	0.006409359	0.006258889	0.007037408	0.006818968	0.00716384	0.007018954	0.006816454	0.007307527	0.007894033	0.008631561	0.008928627	0.008498702	0.007652134	0.009175193
119	0.004030544	0.003961687	0.00436392	0.005169835	0.005379285	0.005880909	0.006318839	0.006873461	0.00722035	0.007486301	0.008760287	0.009285861	0.00950022	0.00950509	0.009898189	0.010061622	0.010330141	0.010606171	0.011957603	0.011674561	0.013036456	0.012665554	0.013415717	0.014197015	0.014533312	0.015053007	0.015484303	0.015677647	0.017242806	0.016846512	0.019771028	0.020235711	0.020452245	0.020477841	0.021376553	0.020958249	0.020408296	0.019138917	0.014509358
120	0.660940424	0.630120834	0.70819366	0.93105968	1.30802028	1.426279022	1.655802411	1.678419526	1.809537829	1.92267183	1.873012943	2.006959411	2.095935648	2.200618436	2.337299056	2.594073008	2.768177641	2.982528399	3.103804771	3.06739157	3.168531169	3.152099414	3.324829075	3.512124328	3.549873865	3.720526787	3.807539507	3.79330074	3.869756684	3.794818972	3.84554279	3.743662049	3.784436881	3.868212862	3.958049509	4.001835642	4.081320435	4.369205323	4.52070545
121	0	0	0	0	0	0	0	0	0	0	0	0	0	0	0	0	0	0	0	0	0	0	0	0	0	1.00E-07	2.98E-07	2.01E-05	2.00E-05	1.98E-05	2.05E-05	2.14E-05	1.90E-05	1.91E-05	1.90E-05	2.33E-05	2.31E-05	2.30E-05	2.28E-05
122	0.000862204	0.000857146	0.00109767	0.00128344	0.00138852	0.001389451	0.001650468	0.00166704	0.001713784	0.001752576	0.001882762	0.001899352	0.002151136	0.002247362	0.00226952	0.002299576	0.0021714	0.002318351	0.00234531	0.00235198	0.002376833	0.002417922	0.002400828	0.00236925	0.002483968	0.004469553	0.004751201	0.004655364	0.005636488	0.00655872	0.011306424	0.011789686	0.01253714	0.011370487	0.01388498	0.011216814	0.014429801	0.014455381	0.013175582
123	0	0	0	0	0	0	0	0	0	0	0	0	0	0	0	0	0	0	0	0	0	0	0	0	0	0	0	0	0	9.76E-06	5.86E-05	0.000136269	0.000295572	0.00036303	0.000751824	0.000955943	0.001260907	0.001601523	0.001816976
125	0	0	0	0	0	0	0	0	0	0	0	0	0	0	0	0	0	0	0	0	0	0	0.000152595	0.000151875	0.00015024	0.000169983	0.000317408	0.000336056	0.000325182	0.00032208	0.0002439	0.000155456	0.000199836	0.000171738	0.00023775	0.000270251	0.00027973	0.000242302	0.00087443
126	0.0002597	0.00031359	0.000397252	0.00041028	0.00037584	0.000323857	0.000188028	0.000260475	0.0002581	0.0002608	0.00026005	0.0002609	0.000268892	0.000268034	0.000288848	0.000288736	0.00028952	0.00030639	0.000285516	0.00030678	0.000326432	0.000351322	0.000345882	0.000415125	0.000440704	0.000489951	0.065941349	0.032572296	0.028092175	0.025105477	0.018724595	0.017798999	0.015388391	0.016420204	0.014949603	0.014197201	0.013052632	0.007363269	0.003990283
127	0.000851816	0.000616727	0.000972222	0.0003682	0.0006786	0.001190958	0.001138614	0.001448241	0.001022076	0.001533504	0.000873768	0.000772264	0.001158304	0.001061827	0.0007737	0.001381808	0.00105468	0.000939596	0.001060488	0.00317006	0.005151505	0.00537316	0.005239095	0.005538375	0.005723142	0.005433457	0.004922502	0.005173483	0.005847364	0.006484538	0.007042553	0.005980432	0.006061528	0.00620456	0.006441655	0.007008239	0.006793974	0.005739699	0.005897116
129	5.713139898	6.741522517	7.792508687	7.658492303	7.886286362	7.82733977	7.098697245	7.347085644	7.351145266	7.373891754	7.639404451	7.960795678	7.964574567	8.03406468	8.156546966	8.100622568	8.806670568	9.107716462	9.349903302	9.091875297	9.380606305	9.581778275	9.652733719	10.14394162	10.2921022	10.27376459	10.33899825	9.964632523	9.382774226	9.208205874	8.855853117	8.895480605	8.701417147	8.610918922	8.380838523	7.693924644	7.340392802	6.673172178	6.28508397
130	-999	-999	-999	-999	-999	-999	-999	-999	-999	-999	-999	-999	0.00263721	0.003824639	0.0028369	0.003310152	0.00374308	0.003860514	0.003946239	0.003712038	0.003998792	0.003709547	0.003540204	0.00362475	0.0035056	0.003589641	0.005469175	0.003498936	0.00379379	0.00345504	0.003931668	0.003381168	0.002531256	0.002995874	0.00315732	0.002646596	0.002630276	0.003242854	0.003347094
132	0.12803073	0.10438829	0.130599317	0.131999239	0.131752917	0.15824401	0.1713926	0.188374174	0.208776322	0.195166803	0.173624464	0.170713337	0.151548418	0.136265001	0.12512994	0.121757885	0.12396549	0.119453243	0.122899107	0.120862349	0.126178683	0.125160648	0.135329846	0.129893266	0.132300444	0.183584213	0.205116126	0.233918684	0.256224859	0.362004898	0.630940137	0.677697864	0.697424234	0.65677666	0.687454208	0.63586162	0.929575561	1.125942327	1.214946315
133	0	0	0	0	0	0	0	0	0	0	0	0	0	0	0	0	0	0	0	0	0	0	0	0	0	0	0	0	0	0	0	0	0	0	0	0	0	0	0
134	0.037373003	0.034008044	0.029852919	0.029453242	0.029180284	0.029701537	0.030326274	0.027678815	0.028693777	0.027526189	0.028349564	0.028889048	0.025750061	0.021338515	0.026550615	0.024059755	0.034207134	0.032423261	0.026802188	0.013517049	0.011169023	0.01446231	0.013629428	0.019565752	0.02044601	0.014035681	0.014672202	0.014538079	0.014637786	0.031218766	0.042899952	0.028612902	0.025525099	0.043170369	0.037606929	0.04474106	0.04645352	0.046228914	0.062739178
135	0.139292692	0.034651695	0.030933386	0.0527052	0.00576288	0.001556603	0.000396948	0.000250056	0.000505876	0.0005216	0.002922962	0.00333952	0.003330124	0.003515369	0.003734392	0.003867	0.005176616	0.010422521	0.017899211	0.080601525	0.100461042	0.12432431	0.131314844	0.11326605	0.159462969	0.214354402	0.241413612	0.255869772	0.264011385	0.270214476	0.284585791	0.329030484	0.459643732	0.512343203	0.561140224	0.566731555	0.539259	0.663336426	0.650740355
136	0.086722585	0.082145059	0.093880143	0.097872811	0.107136952	0.107691617	0.105668048	0.091575717	0.079629728	0.087725588	0.083893093	0.086094413	0.08530534	0.091584626	0.102050288	0.10100009	0.096061428	0.094876863	0.101205839	0.089213025	0.165894955	0.276360967	0.380200943	0.422639154	0.454996444	0.56421729	0.563451254	0.594930645	0.5562489	0.527648276	0.55726994	0.574399337	0.579343815	0.600963413	0.704199756	0.782901534	0.846636308	0.850085939	0.843616058
137	-999	-999	-999	-999	-999	-999	-999	-999	-999	-999	0	0	0	0	0	0.01154944	0.0087373	0.006168652	0.010013454	0.011831482	0.013934566	0.014011548	0.014710158	0.015157125	0.015885376	0.016408359	0.01577121	0.01541904	0.014544504	0.01362496	0.012126708	0.013592684	0.015282696	0.012231562	0.014265	0.014230113	0.012952496	0.014814504	0.01059305
138	0	0	0	0	0	0	0	0	0	0	0	0	0	0	0	0	0	0	0	0	0	0	0	0	0	0	0	0	0	0	0	0	0	0	0	0	0	0	0
139	0.001828288	0.002174224	0.002153524	0.00330328	0.0034974	0.003468404	0.004512672	0.005657517	0.005750468	0.005591552	0.009122554	0.009437872	0.008622678	0.008959884	0.009629529	0.011925599	0.012185385	0.010860793	0.011600867	0.014580638	0.016763348	0.019083565	0.021539565	0.022860227	0.023965506	0.02506921	0.027056657	0.027548755	0.027680084	0.030332878	0.031209004	0.033892691	0.033676314	0.033585319	0.03622873	0.032394302	0.039300071	0.043390786	0.045381311
140	3.155735111	2.936567875	2.538798692	2.724537847	2.763550886	2.921290728	2.741012255	2.730369072	2.422790518	2.604105997	2.62984314	2.945611242	2.925918808	2.975299966	2.911321944	2.924074092	3.27039701	2.897658268	2.793921426	2.572292803	2.486416814	2.645187848	2.616948757	2.530059174	2.945436773	2.709482633	2.654284314	2.647562948	2.884360936	2.730715458	3.034887549	2.808447095	2.81202628	3.004654836	2.520610215	2.026719472	1.942957458	1.764153018	1.538517385
141	0	0	0	0	0	0	0	0	0	0	0	0	0	1.03E-05	7.22E-05	7.22E-05	7.24E-05	7.15E-05	7.14E-05	7.16E-05	0.00030603	0.00030999	0.00030519	0.00030375	0.00030048	0.00029997	0.00029757	0.00029652	0.00029562	0.0006344	0.000665076	0.000866385	0.002218855	0.00233391	0.002442482	0.002441895	0.002395713	0.002699695	0.002715905
142	0.002867088	0.002801404	0.004265232	0.00292456	0.00414468	0.005004113	0.004157508	0.002646426	0.005440748	0.005382912	0.004743312	0.00354824	0.003536964	0.003525678	0.003878816	0.00433104	0.0040326	0.00367668	0.004007421	0.004775542	0.004539445	0.00382321	0.003306225	0.003290625	0.003335612	0.003559644	0.003124485	0.004210584	0.004759482	0.00421632	0.003053628	0.004051572	0.004301232	0.004849967	0.003292552	0.003750022	0.002555778	0.003740847	0.003297815
143	0.316861249	0.331998762	0.361947077	0.390962353	0.424450258	0.448929954	0.523067125	0.508659429	0.551688218	0.569381451	0.584025629	0.606612415	0.592138611	0.614908574	0.632896725	0.637098125	0.658969547	0.688223793	0.63864419	0.663531995	0.667184986	0.668384428	0.691292784	0.622220037	0.627948155	0.5933007	0.606448111	0.646166526	0.670847021	0.689827937	0.729557714	0.694993332	0.675580831	0.668440206	0.701919613	0.674087111	0.662251365	0.648613155	0.626810316
144	0.00560952	0.005466919	0.00475657	0.00367148	0.00556452	0.005860767	0.00485739	0.006230562	0.006101484	0.009785216	0.00816557	0.008265312	0.007466924	0.009113156	0.007623524	0.007352456	0.00742412	0.006393338	0.00458865	0.005358424	0.003826395	0.004496922	0.00616789	0.007041938	0.007047258	0.009008099	0.008004633	0.007788592	0.012924252	0.01199229	0.013359525	0.012752466	0.016808964	0.02098196	0.022905294	0.021370564	0.022308807	0.023298839	0.024863024
145	0.000404863	0.000607294	0.000910942	0.002631609	0.003036472	0.003056715	0.00251015	0.003319876	0.003137688	0.003461578	0.003115801	0.003168899	0.002702963	0.003164202	0.003167502	0.003460987	0.003684694	0.00329639	0.003668317	0.003410278	0.003202462	0.003305702	0.003702467	0.003823926	0.004789199	0.003685463	0.003569267	0.003467647	0.003702467	0.003864412	0.004809766	0.01987066	0.048486599	0.048223975	0.048861611	0.03528738	0.033872408	0.034079231	0.031803204
146	4.493289793	3.182429102	2.859591994	2.770952157	3.118111716	3.355057641	3.310215558	3.051442243	3.302964968	3.901503066	4.069276575	4.299332804	4.425591204	4.450553753	4.369828245	4.525463488	4.564074566	4.850069762	4.898512971	4.890551529	5.178172195	5.454267576	5.154056539	5.708586064	5.899496265	6.545237581	6.352627531	6.306148614	5.930547964	5.739216038	6.382173714	6.974228429	6.99618803	6.503451109	6.789874585	6.454839741	5.723897476	5.972665955	5.92891997
147	0	0	0	0	0	0	0	0	0	0	0	0	0	0	0	0	0	0	0	0	0	0	0	0	0	0	0	0	0	0	0	0	0	0	0	0	0	0	0
148	0	0	0	0	0	0	0	0	0	0	0	0	0	0	0	0	0	0	0	0	0	0	0	0	0	0	0	0	0	0	0	0	0	0	0	0	0	0	0
149	2.92938194	3.020248776	3.015858553	3.436819124	3.67469524	3.771704456	3.909745504	4.336517117	4.685121157	5.58733984	5.803485568	6.174864719	6.863225175	7.120680941	7.774991007	8.34940216	9.261934669	9.583144574	9.331357943	9.532681743	10.29971466	10.3007718	10.69001953	10.63153784	10.79228811	10.65670905	10.12356246	9.919029772	10.12615737	9.877955149	9.463799123	9.079061606	9.482872153	8.980102877	9.125813471	9.53131367	9.637062706	9.828237716	9.467655433
150	0.6384149	0.72125075	0.74033675	0.86005675	0.943528938	1.13108472	1.27959972	1.3405402	1.411840876	1.493514942	1.587769522	1.625689632	1.722007259	1.816752619	1.902875573	1.994528958	2.066668713	2.131131714	2.196841125	2.166316318	2.42716051	2.479042197	2.483930564	2.349186346	2.258290075	2.410463064	2.470234104	2.395256833	2.4981378	2.637017301	2.831679989	2.855975337	3.056935419	3.110538688	3.140317408	3.186388256	3.261429412	3.211340837	3.393448083
151	0.418655753	0.453241798	0.503609457	0.511684889	0.535281109	0.581436427	0.637593779	0.679276569	0.729098117	0.764687387	0.808415767	0.876801596	0.921420783	0.931661705	1.001491657	1.024272708	1.04909942	1.063451544	1.070196055	1.104547591	1.162206838	1.134666702	1.159002338	1.265546054	1.343756495	1.511117326	1.663975104	1.669450627	1.672844208	1.693007938	1.761309967	1.733568098	1.902460596	1.808555226	1.839145065	1.866662676	1.852974222	1.862761246	1.954000449
153	0.01033606	0.015303192	0.012795696	0.01049896	0.0169128	0.020956682	0.022761834	0.021952833	0.02379682	0.023221632	0.023373294	0.021456416	0.019835956	0.023855026	0.02470682	0.024841608	0.03092694	0.029566635	0.021841974	0.031935798	0.034765008	0.025801501	0.034435605	0.028512	0.03771024	0.03709629	0.035867104	0.03662022	0.038913446	0.03789808	0.040721544	0.03964128	0.05100576	0.049408912	0.049694396	0.06244226	0.066930725	0.072404967	0.07856752
154	0.003241056	0.003209071	0.003146654	0.00400812	0.00423864	0.004345952	0.004721592	0.004511427	0.00454256	0.0046944	0.00473291	0.005157691	0.115689836	0.265974283	0.231220577	0.217358101	0.226577095	0.17517322	0.174633258	0.211187849	0.157373537	0.151860713	0.126433155	0.118466358	0.108177567	0.098049328	0.115986574	0.096263332	0.102075536	0.096927246	0.079484907	0.076830191	0.069314576	0.076082365	0.286577451	0.489727118	0.530967149	0.524954224	0.450222448
155	0.007448196	0.008011612	0.007446599	0.008711469	0.009948943	0.042727154	0.124911166	0.193391329	0.206089305	0.253537225	0.283626256	0.307264745	0.281640129	0.32166854	0.372391366	0.430421173	0.464222937	0.514283109	0.513671364	0.526326443	0.540266519	0.463605722	0.4855833	0.518962635	0.515072998	0.507269643	0.52918747	0.527010687	0.543029373	0.533543689	0.525671144	0.558259084	0.57167808	0.5764389	0.527051183	0.521921707	0.597188806	0.558048415	0.549002966
156	0.539134582	0.557211607	0.562827409	0.50475408	0.538003902	0.560454029	0.544537542	0.512192688	0.455542521	0.427720589	0.405771133	0.385384407	0.369827318	0.424953406	0.439579989	0.441872499	0.428635961	0.397235503	0.402083994	0.38999457	0.387075208	0.399334176	0.403079495	0.399685874	0.407129012	0.472022287	0.505054683	0.539198739	0.598826996	0.633028243	0.813133529	0.998351285	1.01158249	1.062837292	1.108016275	1.06109154	1.09470605	1.09489452	1.108865759
157	0.096258128	0.077691488	0.10418435	0.122287142	0.151377392	0.153856986	0.152397962	0.138950275	0.15454383	0.160409721	0.156798261	0.148948351	0.156379273	0.163869761	0.1710439	0.163773147	0.168621283	0.161125428	0.169794473	0.215941724	0.230004673	0.232812041	0.301867386	0.336180502	0.382081996	0.381973382	0.392681546	0.420460618	0.444394796	0.494741833	0.499747506	0.537206256	0.529147762	0.555998067	0.544021945	0.51482063	0.618858796	0.632864532	0.671321169
159	4.224649468	3.658010073	4.122805562	4.235006496	4.392976858	4.532003469	4.684337591	4.800661588	4.800276186	4.490559184	3.848614105	3.736682315	3.530592671	3.554370838	3.594769903	3.62223251	3.643346198	3.643987012	3.210623184	3.066356754	2.926998516	2.965204391	2.939826906	2.948808102	2.958100149	2.903688393	2.842685151	2.671328626	2.629730767	2.498209647	2.489458373	2.5638287	2.713333834	2.703222739	2.677337393	2.698424023	2.638464602	2.539290949	2.426120469
160	0.088633471	0.058495496	0.078510017	0.090984251	0.108069439	0.120203664	0.098308301	0.105339731	0.135466817	0.071612572	0.107382918	0.107558439	0.061396203	0.100703165	0.122070613	0.095973784	0.16175896	0.144013513	0.142992531	0.08850603	0.132735412	0.163840048	0.100875468	0.180468	0.125029728	0.085171482	0.161391945	0.169110297	0.152765743	0.190259483	0.28906704	0.249674543	0.196167616	0.292805468	0.31207709	0.240833482	0.311645205	0.221892596	0.282204969
161	0.002119152	0.001296172	0.001087216	0.0011572	0.0014094	0.001911801	0.002329458	0.002677683	0.002808128	0.002837504	0.001425074	0.001241884	0.00139617	0.00123708	0.000691172	0.000897144	0.0013959	0.001041726	0.001050291	0.001625934	0.001550552	0.001374289	0.001159722	0.001042875	0.001412256	0.001382705	0.001408498	0.001620976	0.001537224	0.001706048	0.001568765	0.001474889	0.001170468	0.00152656	0.00168327	0.002265085	0.002897611	0.003178485	0.011057982
162	1.199033811	1.052025786	0.931822535	0.83868621	1.091518595	0.877178475	0.881931592	0.858436163	0.989787371	1.059812557	1.143858187	1.184178941	1.379591722	1.4460931	1.443119522	1.506580084	1.655250383	1.899632229	2.308293007	2.370816806	2.828734158	2.729437064	2.807314742	3.139952137	3.700965044	4.121311361	4.3613661	5.108975645	5.854139165	6.555825356	8.03569187	9.408993932	9.847887624	10.17858578	10.00701788	10.09309463	10.14208256	10.13368444	9.999715718
163	0.003137176	0.00386761	0.004411588	0.00450256	0.00421776	0.005045901	0.005191662	0.005459556	0.004315432	0.005132544	0.005658688	0.004758816	0.00506758	0.005082337	0.005085788	0.005125064	0.00517	0.005504807	0.005618547	0.005654978	0.008313815	0.008349064	0.00824013	0.0081405	0.008723936	0.008449155	0.008510502	0.008935136	0.008957286	0.00830576	0.008868204	0.00806428	0.009249552	0.010132542	0.008956518	0.009731832	0.009273544	0.008911735	0.008895518
164	2.214167033	2.277402461	2.395318898	2.479913369	2.41930123	2.33416416	2.406051236	2.403736112	2.395360522	2.217577803	1.838081317	1.591696826	1.501846409	1.472187597	1.43635451	1.465348461	1.425820684	1.404580136	1.254407417	1.195186175	1.185168709	1.247537843	1.199286074	1.135687372	1.142154785	1.147772453	1.175108681	1.160629888	1.188355441	1.133463296	1.134108062	1.131198422	1.093370713	1.077542017	1.137082413	1.132469404	1.056976116	1.093668039	1.074156882
165	-999	-999	-999	-999	-999	-999	-999	-999	-999	-999	-999	-999	50.17819517	46.67322484	44.03591405	43.05025951	41.40233005	40.32888344	40.56776062	41.67031669	42.58253095	43.72174121	44.95695341	47.99631883	50.61728708	51.86114081	52.93644824	53.38116549	53.52725729	50.93435755	54.14436393	55.09302187	55.83862966	57.12421041	56.85614672	57.66567335	58.96576216	61.35444148	63.46328501
166	0.001153068	0.001076659	0.001390382	0.00158852	0.00168084	0.001692414	0.001556454	0.001708716	0.001724108	0.001783872	0.00171633	0.001701068	0.00175814	0.001577277	0.001609296	0.001629296	0.0014476	0.00163408	0.00163152	0.001298702	0.001132311	0.000919637	0.000996954	0.001184625	0.000841344	0.000659934	0.000386841	0.000426989	0.000681897	0.000977952	0.001094623	0.001284455	0.001313208	0.00143115	0.00201612	0.002842295	0.003360448	0.003878673	0.003523339
167	7.27E-05	7.32E-05	0.000125448	0.00012624	0.00016704	0.000177599	0.00020892	0.000187542	0.000185832	0.00020864	0.00020804	0.00020872	0.00025855	0.000257725	0.0002579	0.000268112	0.0003102	0.000337029	0.000387486	0.000439718	0.000357035	0.000495984	0.000630726	0.00054675	0.0005008	0.00049995	0.000505869	0.000515945	0.000524233	0.000528992	0.000519019	0.000536323	0.000352092	0.000305312	0.000287202	0.000291032	0.000283275	0.000320336	0.000390962
169	7.27E-05	7.32E-05	8.36E-05	6.31E-05	8.35E-05	8.36E-05	7.31E-05	8.34E-05	8.26E-05	8.35E-05	8.32E-05	8.35E-05	8.27E-05	8.25E-05	8.25E-05	8.25E-05	8.27E-05	8.17E-05	7.14E-05	9.20E-05	0.00010201	4.13E-05	6.10E-05	7.09E-05	6.01E-05	4.00E-05	7.94E-05	9.88E-05	7.88E-05	6.83E-05	4.88E-05	5.83E-05	5.71E-05	5.72E-05	5.71E-05	7.46E-05	6.46E-05	6.45E-05	6.37E-05
170	22.4345476	22.43687764	15.10438402	11.92240067	11.29007879	8.641459725	12.03652458	10.84139532	12.85646556	12.80861992	15.92013005	19.74694437	20.39316332	20.10814597	20.39033611	20.65924585	20.81484517	21.24363599	21.4150997	20.17830184	21.59311278	20.94557182	20.26962057	23.04890042	24.62731589	26.1306693	25.35462147	24.58530788	26.2537518	23.77971702	25.42875626	26.80329823	27.86620636	27.52350189	27.51721523	28.54579394	29.41284946	28.80887844	29.54471391
171	0	0	0	0	0	0	0	0	0	0	0.000457688	0.000459184	0.000455048	0.001098869	0.00173181	0.002065582	0.002390871	0.001760151	0.00176958	0.001781227	0.002128062	0.002228055	0.004252735	0.005536159	0.004942769	0.00477709	0.004424243	0.003752005	0.004247989	0.004417809	0.004777621	0.004515071	0.004721289	0.005415979	0.005585261	0.00576122	0.005828492	0.006809893	0.006688133
172	-999	-999	-999	-999	-999	-999	-999	-999	-999	-999	-999	-999	-999	-999	-999	-999	-999	-999	-999	-999	-999	-999	-999	-999	-999	-999	0.031083133	0.023616722	0.031006054	0.028801707	0.044373534	0.029711027	0.030323636	0.039199634	0.031697848	0.030046634	0.02969438	0.023787324	0.035010705
173	0	0	0	0	0	0	0	0	0	0	0	0	0	0	0	0	0	0	0	0	0	0	0	0	0	0	0	0	0	0	0	0	0	6.68E-05	7.61E-05	8.39E-05	1.85E-05	2.76E-05	4.55E-05
174	0	0	0	0	0	0	0	0	0	0	0	0	0	0	0	0	0	0	0	0	0.000153015	0.000154995	0.000162768	0.000162	0.000160256	0.000179982	3.97E-05	0.000177912	0.00093613	0.00084912	0.001199988	0.0014574	0.001103856	0.001001805	0.00116973	0.001202151	0.001209392	0.00128982	0.001638192
175	0	0	0	0	0	0	0	0	0	0	0.00176834	0.00511364	0.00506758	0.00505141	0.00505484	0.00505288	0.0050666	0.00500437	0.00499653	0.00501074	0.00499849	0.009775018	0.009623658	0.01002375	0.009595328	0.009218203	0.010049537	0.010996241	0.012288386	0.011915171	0.011502324	0.011785508	0.027512946	0.038274935	0.038276462	0.038306468	0.040855949	0.051946492	0.044736284
176	-999	-999	-999	-999	-999	-999	-999	-999	-999	-999	-999	-999	-999	0.227906936	0.238084032	0.23310904	0.23140178	0.219505452	0.225339369	0.242756889	0.279984535	0.292652124	0.303057039	0.2816516	0.274058173	0.276576639	0.280075068	0.248763697	0.266633213	0.24262351	0.256779948	0.253444517	0.258337581	0.259820222	0.26329981	0.255964986	0.256461009	0.259720945	0.243704165
177	-999	-999	-999	-999	-999	-999	-999	-999	-999	-999	-999	-999	0.136728808	0.12740626	0.133070679	0.134477754	0.135718009	0.135673772	0.138477594	0.13479492	0.135818039	0.136964005	0.141081923	0.135758918	0.14884641	0.143581448	0.141159742	0.139482595	0.153852417	0.153000926	0.151159678	0.147746671	0.142084576	0.142982988	0.157284592	0.130176171	0.14024968	0.140192738	0.140680479
178	0	0	0	0	0	0	0	0	0	0	0	0	0	0	0	0	0	0	0	0	0	0	0	0	0	0	9.92E-06	1.98E-05	1.97E-05	2.93E-05	1.95E-05	3.89E-05	3.81E-05	3.89E-05	5.21E-05	5.14E-05	5.65E-05	6.65E-05	5.14E-05
179	0	0	0	0	0	0	0	0	0	0	0	0	0	0	0	0	0	0	0	0	0	0	0	0.00010125	0	0	0	0	0	0	0	0	3.81E-05	3.82E-05	3.90E-05	4.85E-05	0.000110784	0.000158464	0.000156589
180	2.535376215	2.820442899	3.048255281	3.199696132	3.619502961	3.867438666	3.983946607	3.954084458	4.119878796	4.010539537	3.932106102	4.021438128	3.974199031	4.286940399	4.492692427	4.730688079	4.741750868	5.056477293	5.149771281	5.157916351	5.189383667	5.175626196	5.111937766	5.526830208	5.759947588	5.65790689	5.655701767	5.665203146	5.766095044	5.675279864	5.773047875	5.717089391	5.861032621	5.83096185	5.971832156	5.758434836	5.843552435	5.894510675	5.901418447
182	0.922120372	0.993313037	1.119050584	1.21666974	1.369051881	1.416915781	1.447744014	1.437183445	1.54425907	1.53325591	1.513756236	1.519321751	1.42588098	1.416221872	1.391984146	1.32507964	1.475643887	1.393317179	1.426007166	1.289415267	1.391874006	1.552763546	1.382109009	1.55057249	1.539986449	1.389616357	1.438882953	1.431623971	1.385758938	1.445992614	1.735191271	1.553111808	1.547970115	1.722831539	1.717823226	1.552640166	1.611301385	1.477015441	1.581666172
183	0.015208032	0.016264868	0.016632314	0.01266608	0.02160036	0.02475939	0.027337182	0.022442526	0.02653268	0.028927936	0.032391828	0.03219506	0.029691882	0.038741222	0.041759168	0.045444984	0.03328446	0.034856969	0.039523572	0.042243606	0.032398376	0.03192897	0.02726364	0.033179625	0.029507136	0.034336566	0.038366692	0.038814468	0.04054921	0.03814208	0.055423836	0.045801224	0.032773104	0.06802733	0.04599987	0.05898927	0.042642608	0.041956002	0.062507973
184	0	0	0	0	0	0	0	0	0	0	0	0	0	0	0	0	0	0	0	0	0	0	0	0	0	0	0	0	0	0	0	0	0	0	0	0	0	0	0
185	0	0	0	0	0	0	0	0	0	0	0	0	0	0	0	0	0	0	0	0	0	0	0	0	0	0	0	0	0	0	5.85E-05	4.86E-05	7.61E-05	7.63E-05	7.61E-05	7.46E-05	7.39E-05	7.37E-05	6.92E-05
186	0	0	0	0	0	0	0	0	0	0	0	0	0	0	0	0	0	0	0	0	0	0	0	0	0	0	0	0	0	0	0	0	9.52E-07	9.54E-07	1.90E-06	1.10E-05	1.20E-05	1.20E-05	2.88E-05
187	0	0	0	0	0	0	0	0	0	0	0	0	0	0	0	0	0	0	0	0	0	0	0	0	0	0	0	0	0	0	1.95E-05	1.94E-05	1.90E-05	1.91E-05	0	0	0	0	0
188	0.000176596	0.000177701	0.000188172	0.00018936	0.00022968	0.000271622	0.000292488	0.000322989	0.00036134	0.000375552	0.000249648	0.000135668	0.00020684	0.000237107	0.000216636	0.000216552	0.00021714	0.000214473	0.000224334	0.000224972	0.000255025	0.000196327	0.000223806	0.000212625	0.000270432	0.000259974	0.00022775	0.000222258	0.000230938	0.00022448	0.000253656	0.0002429	0.0002379	0.000220082	0.000116973	0.00016681	0.000155098	0.00019163	0.0002276
189	0.00514206	0.007724767	0.007986856	0.00803728	0.00783	0.009548558	0.009547644	0.009543804	0.009477432	0.009660032	0.009861096	0.010728208	0.011706899	0.011690418	0.011636326	0.010291276	0.014698673	0.019891821	0.029090101	0.140494648	0.359063855	0.402181517	0.457251762	0.513515345	0.649710016	0.663399608	0.716481664	0.876270408	0.904801338	0.92979912	0.963455632	0.904513292	0.235766164	0.329405685	0.2970362	0.280544086	0.270981397	0.276506098	0.213456065
190	0.009172604	0.008623725	0.010987154	0.00751128	0.00883224	0.012360014	0.012507176	0.007975337	0.01194714	0.020567635	0.021178092	0.022611893	0.026428121	0.026483114	0.028934385	0.029404503	0.030589219	0.024699621	0.029344007	0.036476414	0.030376043	0.030561553	0.030608321	0.030684128	0.030785557	0.031279307	0.035309725	0.039747214	0.045152069	0.045335084	0.048601843	0.046929303	0.044474481	0.042520691	0.03995371	0.041410774	0.044312346	0.04550048	0.046074934
191	0.005452417	0.005209453	0.004113866	0.003085164	0.004289608	0.005840797	0.005626704	0.005791236	0.005440102	0.005865787	0.005347944	0.00500383	0.004419816	0.003400812	0.006180271	0.006194249	0.005187735	0.007080451	0.010153304	0.010565165	0.012608405	0.011239177	0.014020808	0.013701535	0.014511071	0.014247418	0.013914713	0.014533831	0.013984014	0.011177692	0.007616209	0.008027208	0.008897736	0.008108274	0.008711071	0.007991567	0.006991237	0.006941744	0.007614341
192	0.873263916	0.988064852	0.953805311	1.070831753	1.209705068	1.309302662	1.31777917	1.403422891	1.38962195	1.391353326	1.415656328	1.410009789	1.392846041	1.373964399	1.329107844	1.390901442	1.26498464	1.39881718	1.495951586	1.459705381	1.391383748	1.546373558	1.373287997	1.239511264	1.444402814	1.517502784	1.36698702	1.418463887	1.429281512	1.299309977	1.386804983	1.426767385	1.574156136	1.451941742	1.46071752	1.520888729	1.454812087	1.532518344	1.502335667
193	0.475409284	0.515262814	0.52227422	0.520569532	0.490330248	0.548895617	0.558921328	0.580611864	0.599678172	0.54187934	0.553681979	0.568423862	0.579270618	0.608492203	0.65386154	0.613280994	0.551837865	0.606415395	0.605394803	0.673860517	0.648042278	0.703306396	0.639783228	0.636737974	0.61798595	0.557888555	0.598803384	0.640750167	0.646046159	0.639089292	0.633851133	0.602633932	0.644826537	0.651981759	0.667778334	0.618541982	0.566268174	0.557852331	0.614066048
194	0.410927192	0.40906699	0.398907766	0.41300808	0.42617648	0.439469123	0.475850126	0.569189689	0.644937565	0.82964225	1.00241681	1.256009153	1.236575824	1.409602426	1.425999996	1.438262022	1.511935577	1.478770149	1.502492912	1.480266046	1.462629512	1.366234915	1.421038101	1.402603621	1.380402631	1.294702286	1.2384967	1.165252761	1.133880471	1.141138372	1.275455534	1.139232672	0.63596765	0.381414685	0.269757265	0.243096763	0.224653927	0.186042355	0.205878939
195	-999	-999	-999	-999	-999	-999	-999	-999	-999	-999	-999	-999	0.178691297	0.184645734	0.175281105	0.152744513	0.154407762	0.141734729	0.146492137	0.159834259	0.143296814	0.148407442	0.154923341	0.167035215	0.166074802	0.172278517	0.168319512	0.172841698	0.170047859	0.160014114	0.164840223	0.162257163	0.169423495	0.17368386	0.171138239	0.181323742	0.183811283	0.197164718	0.211339768
196	0.010252956	0.010651607	0.010746712	0.01119328	0.01142136	0.011637958	0.011166774	0.012106878	0.012729492	0.014998979	0.016133635	0.018118272	0.017465123	0.018462019	0.01643112	0.016848078	0.019365759	0.015376394	0.02213356	0.02384487	0.023674572	0.02862015	0.029434809	0.026961199	0.029438928	0.033467724	0.033203206	0.044996858	0.046969982	0.051230875	0.05740252	0.040482733	0.040789578	0.043227316	0.051803282	0.067472596	0.085231728	0.071855736	0.084800025
197	0.029653645	0.090978474	0.132130108	0.152451732	0.197263918	0.327182287	0.333195383	0.344535961	0.416294694	0.443066229	0.510894081	0.56264917	0.592897407	0.654432522	0.729059752	0.808088422	0.924752026	1.090938302	1.087675745	1.136196516	1.242793086	1.275510755	1.37214635	1.52895042	1.561620683	1.711853595	1.816404357	1.886673399	2.033697092	2.138870213	2.339610984	2.447070339	2.652310968	2.689514861	2.704004812	2.62865453	2.755493825	2.715871362	2.684052156
198	-999	-999	-999	-999	-999	-999	-999	-999	-999	-999	-999	-999	-999	-999	-999	-999	-999	-999	-999	-999	-999	-999	-999	0	0.10126467	0.18369845	0.363123435	0.392134738	0.441897319	0.435062152	0.394370977	0.401695727	0.415226954	0.376491246	0.322266398	0.374426653	0.293577867	0.256386244	0.246915669
199	0.000394744	0.000397214	0.000595878	0.00019988	0.00039672	0.000793972	0.000793896	0.000791844	0.000784624	0.00099104	0.00098819	0.002014148	0.001323776	0.00237107	0.001526768	0.00262956	0.0019646	0.000949809	0.001753884	0.002075878	0.001009899	0.00051665	0.000874878	0.001245375	0.00082031	0.000748925	0.000920483	0.000993342	0.000906568	0.00110288	0.000939503	0.00107459	0.000891649	0.000377156	0.001139298	0.000553921	0.001910655	0.000967089	6.34E-05
201	0	0	0	0	0	0	0	0	0	0	0	0	0	0	0	0	0	0	0	0	0	0	0	0	0	0	0	0	0	0	0	0	0	0	0	0	0	0	0
202	0.5500347	0.612443154	0.502477718	0.4846128	0.57551528	0.610607152	0.52843115	0.494887151	0.507295047	0.508106561	0.515049567	0.547023099	0.513240623	0.534556716	0.56190106	0.581026665	0.615767005	0.628981634	0.625849512	0.73026801	0.815171269	0.842698624	0.943502572	1.311632559	1.324855119	1.503959552	1.714665522	1.762207354	1.768675467	1.805260588	1.857650836	1.745080155	1.703630769	1.783162381	1.754002239	1.642878163	1.529326656	1.556425484	1.617435607
203	0.244866924	0.262117137	0.271305706	0.2687416	0.27473904	0.254652276	0.249072746	0.241583428	0.237193973	0.241837349	0.21583953	0.234903778	0.25246484	0.22533433	0.211178711	0.200395691	0.21580332	0.245073988	0.247395645	0.253955918	0.245524392	0.243037047	0.251852577	0.256432822	0.270339998	0.264053454	0.266453563	0.243733286	0.291108939	0.237903853	0.239598964	0.212067627	0.209004866	0.204488611	0.177097078	0.145430688	0.142439323	0.138670743	0.133250525
204	0.383876861	0.417322377	0.456536309	0.440639663	0.496165606	0.571530834	0.652471535	0.731674847	0.756326197	0.777954061	0.828872669	0.845876864	0.922549638	0.951372271	0.962598149	1.010682244	1.073792584	1.097919287	1.193121865	1.106425799	1.017966579	0.919480351	0.939637853	0.908843372	0.990838499	1.043584227	1.13825309	1.15401992	1.174490101	1.204729257	1.325853798	1.35225957	1.35790682	1.361413503	1.193279889	1.42499918	1.599188412	1.576752797	1.761342438
205	-999	-999	-999	-999	-999	-999	-999	-999	-999	-999	-999	-999	2.344122291	2.582228832	1.493533107	1.361201215	1.549715415	1.159694493	0.749949388	1.147934736	2.047766006	2.133054305	2.381750232	2.605539433	2.616609393	2.741760488	2.543409243	2.7416842	2.760623097	1.689755583	1.951756436	2.714512408	2.946482676	3.198409348	3.371979814	3.534147412	3.363950824	3.438081374	3.58129887
206	0	0	0	0	0	0	0	0	0	0	0	0	0	0	0	0	0	0	0	0	0	0	0	0	0	0	0	0	0	0	0	0	0	0	0	0	0	0	0
207	0	0	0	0	0	0	0	0	0	0	0	0	0	0	0	0	0	0	0	0	0	0	0	0	0	0	0	0	0	0	0	0	0	0	0	0	0	0	0
208	0.006575604	0.005362389	0.00580197	0.00539676	0.00638928	0.006560716	0.00668544	0.006376428	0.005998244	0.007072896	0.007915922	0.008014848	0.010062766	0.009876022	0.010285052	0.01067292	0.01144638	0.01266412	0.012797235	0.012864308	0.016127781	0.016295141	0.017344965	0.018174375	0.01938096	0.01889811	0.01207695	0.014391104	0.017323332	0.01534272	0.017591531	0.017215392	0.017546172	0.026524648	0.028930086	0.02734819	0.035228758	0.036590259	0.038042156
209	-999	-999	-999	-999	-999	-999	-999	-999	-999	-999	-999	-999	4.85389056	4.391864163	3.823409947	3.545833801	3.177513362	3.219852626	3.242721653	3.260073726	3.258098579	3.266173802	3.264584916	3.412158825	3.38917597	3.433753342	3.497531484	3.496387046	3.479906089	3.296144275	3.290710186	3.396174226	3.46614701	3.413298013	2.916811953	2.544679493	2.536403392	2.301313537	2.372340083
210	3.88723612	3.454107104	2.99902726	2.90781022	3.003321132	3.292616061	3.678111756	4.2088813	4.222102615	4.994972036	5.512393645	6.241268128	6.110263087	5.783918314	5.83629359	6.139448713	6.340130283	6.500944358	6.606592471	6.253979707	6.766856127	6.593363178	6.499049854	7.12961374	7.424473183	7.590083813	7.86847906	7.914941021	8.19142149	7.587206398	7.712769457	8.540867197	9.004930237	9.038862962	9.229812981	9.726888744	9.976678859	9.88842199	10.03788016
211	8.707596582	9.013569155	9.641069522	10.14092211	8.828665621	10.24485816	10.69220861	10.39486222	10.04629965	9.040432806	9.000581978	9.352485871	9.308576738	9.584117276	10.35355536	10.9922501	11.68423189	11.37697464	11.58794678	11.93883635	11.16418363	11.19540961	11.03284404	10.51467257	9.432651122	8.56524281	7.805054388	7.327605484	6.983363858	6.588439038	6.355448927	5.531847352	4.964528447	4.684948026	4.697596451	5.173511523	5.226119749	5.305722029	5.485360939
212	0	0	0	0	0	0.000167152	0.00031338	0.00031257	0.00030972	0.00031296	0.00031206	0.00031308	0	0	0	0	0	0	0	0	0	0	0	0	0	0	0	0	0	0	0	0	0	0	0	0	0	0	0
212	0	0	0	0	0	0	0	0	0	0	0	0	0	0	0	0	0	0	0	0	0	0	0	0	0	0	0	0	0	0	0	0	0	0	0	0	0	0	0
212	0	0	0	0	0	0	0	0	0	0	0	0	0	0	0	0	0	0	0	0	0	0	0	0	0	0	0	0.000260099	0.004172986	0	0	6.70E-06	8.42E-06	1.19E-05	6.83E-05	0.0001237	0.000123063	6.67E-05	6.59E-05
212	67.14659464	66.90950804	66.52673229	64.06633267	68.79958614	67.66130021	67.03025577	67.50638343	68.88957904	69.28452194	70.66756098	70.3210655	69.91444308	68.27267781	70.68306405	71.12913993	72.43522134	72.42008517	72.8264613	71.68564056	71.27059025	71.67537099	70.65304163	69.8846722	70.16946438	69.37692262	70.67757674	71.33806878	73.14488954	72.59170139	74.90748457	78.08297885	79.23882344	81.83915202	87.72007507	88.26666417	84.29483774	88.09247724	95.75379133
213	0.023362612	0.02634156	0.025309134	0.0748498	0.07342452	0.066693648	0.075388782	0.074870934	0.055377936	0.040277952	0.072782794	0.063743088	0.081784536	0.075090756	0.0768542	0.06022208	0.05946534	0.065894276	0.092843685	0.056161192	0.071570216	0.094453953	0.096450213	0.0859005	0.047766304	0.066563343	0.03580759	0.0803075	0.052186784	0.05896992	0.095795458	0.075417525	0.06586496	0.094379577	0.118114203	0.119873028	0.124902272	0.131035372	0.130780611
214	-999	-999	-999	-999	-999	-999	-999	-999	-999	-999	-999	-999	1.806013782	1.917699099	2.05755218	2.148714466	2.157128462	2.180305061	2.388058517	2.38675316	2.411936848	2.655581708	2.456750474	2.461768778	2.547227481	2.509482725	2.548111166	2.650140914	2.725393125	2.458024342	2.463143896	2.56780566	2.51862374	2.443097662	2.423210431	2.273233303	2.11980301	2.132441598	2.272063307
215	0	0	0	0	0	0	0	0	0	0	0	0	0	0	0	0	0	0	0	0	0	0	0	0	0	0	0	0	0	0	4.88E-05	4.96E-05	7.80E-05	8.88E-05	9.92E-05	0.000118929	9.38E-05	8.62E-05	9.19E-05
216	5.766783822	5.667509824	5.250659041	5.032014374	5.056074149	4.817755539	5.214785763	5.171221645	5.586436773	5.772043527	6.311367891	6.966565145	6.962117921	7.27257108	7.711864618	8.091450196	8.629540655	9.477705468	9.440672395	8.532475229	9.363502781	9.221757196	8.151362312	7.329918764	8.071221693	8.021235185	7.964622001	7.708444059	7.705680303	7.569733295	7.256777116	7.545071639	7.583753433	7.539349906	7.347606598	7.411318131	6.821273597	6.174874873	4.961309337
217	0.149186019	0.171761574	0.181603542	0.182733591	0.148978803	0.164425091	0.180851623	0.196336297	0.211881936	0.245828184	0.288564429	0.380693915	0.452927366	0.500708152	0.574121563	0.734655265	0.798487798	0.846349493	0.984590234	1.066841973	1.191000526	1.370534345	1.444218562	1.57217928	1.893519315	2.061191807	2.227717593	2.26030772	2.236856737	2.45303169	2.418552285	2.582060662	2.654630792	2.595770955	2.662851057	2.739875959	2.659238532	2.761099858	2.731956707
219	0	0	0	0	0	0	0	0	0	0	0	0	0	0	0	0	0	0	0	0	0	0	0	0	0	0	0	0	0	0	0	0	0	0	0	0	0	0	0
220	0	0	0	0	0	0	0.0208488	0.041933025	0.362695386	0.405643845	0.403313882	0.411672718	0.381369072	0.459879162	0.700510611	0.720863806	0.713363754	0.756927035	0.810950312	0.855005963	0.917289111	0.92129446	0.918121857	0.897311668	0.847354295	0.836187834	0.783446939	0.665973895	0.625129583	0.625781504	0.823786885	0.811723372	0.632781307	0.667095591	0.617005568	0.203759841	0.057607467	0.077518348	0.1037348
221	0.107536768	0.113570674	0.118436528	0.115553536	0.114707411	0.115406324	0.114774489	0.098350393	0.09839882	0.079951979	0.091574645	0.092790592	0.091907088	0.094265635	0.092272068	0.087745942	0.079223765	0.086429356	0.084101033	0.085155793	0.08422385	0.086799418	0.086801777	0.088058272	0.089442424	0.091998452	0.096916056	0.094991464	0.093333972	0.09601888	0.101433952	0.111087225	0.119190076	0.129723519	0.136777515	0.124983466	0.109537771	0.134274953	0.153047863
222	0.110369303	0.104469213	0.102144562	0.104210224	0.103660842	0.109489853	0.122015532	0.146767949	0.144058816	0.154320064	0.175793941	0.176340552	0.167639827	0.14878028	0.151915055	0.133418892	0.131118924	0.120417814	0.121830354	0.144152831	0.141627838	0.133077362	0.136402681	0.141421693	0.134821672	0.13814258	0.138543299	0.135933209	0.119193576	0.094482979	0.118697798	0.114605246	0.091767596	0.125793707	0.196201951	0.155347241	0.070341589	0.111194011	0.101616776
