2	2.188538244	2.243392533	2.297293326	2.349331429	2.404841463	2.459178759	2.514474645	2.565994977	2.618253031	2.672246371	2.725626399	2.783419973	2.843494022	2.90385467	2.965308515	3.022441739	3.084042217	3.142019307	3.227627183	3.286755504	3.26581491	3.248302432	3.229186275	3.207359621	3.187153448	3.168818027	3.144618943	3.13116726	3.108135106	3.089625251	3.059	3.051524817	3.040887828	3.026518127	3.011955906	2.993205998	2.970827695	2.94808744	2.928639191	2.913487769	2.904534362	2.899194676	2.896109611	2.88929082	2.880121235	2.874947574	2.873600927	2.866811459	-999
3	14.87084256	15.28233597	15.70903857	16.13970946	16.60869363	17.08982851	17.58140278	18.10219092	18.64538493	19.22145877	19.82668395	20.4574473	21.10460091	21.76433973	22.42710714	23.10391207	23.76912557	24.442259	25.09969706	25.75475642	26.39897781	27.03240433	27.63140838	28.20845093	28.76136279	29.26044936	29.7371009	30.19658845	30.61543065	31.04874306	31.44549102	31.85994811	32.26523756	32.69916221	33.15110398	33.63576385	34.17056924	34.72822045	35.33112908	35.98306245	36.65584574	37.38373579	38.14072868	38.92985809	39.73248721	40.54467914	41.38624001	42.22705045	-999
6	6.036294776	6.24865974	6.506304734	6.768279279	7.035258993	7.29156391	7.532705	7.783151057	8.063447619	8.332742947	8.640075342	8.935264228	9.284212	9.604237069	9.956166078	10.30316729	10.67165543	11.08471724	11.43521107	11.84974924	12.23601829	12.67194137	13.08276471	13.4866129	13.9274484	14.40400687	14.89178007	15.36550617	15.86268227	16.37236749	16.94517508	17.52590127	18.11549744	18.77473479	19.4515538	20.12950244	20.88953896	21.68306606	22.5194789	23.34620031	24.2043943	25.1141084	26.03210256	26.95106443	27.89160622	28.84185753	29.81954502	30.8224918	-999
9	24.25868626	24.65576656	25.05316835	25.46064465	25.86732384	26.26160994	26.6573809	27.05837802	27.47085628	27.90046808	28.33991566	28.79849414	29.2603964	29.73345189	30.21410718	30.69588618	31.18853785	31.6643571	32.14377372	32.62452547	33.083123	33.52526733	33.97180788	34.40787894	34.82428446	35.24393068	35.65626048	36.05892742	36.46877665	36.87228543	37.2761454	37.68239393	38.09305281	38.49363262	38.88991116	39.29297229	39.68806501	40.0796587	40.48785783	40.79252813	41.25815859	41.73211361	42.20181299	42.67214984	43.1282781	43.59413422	44.04288427	44.49184117	-999
10	-999	-999	-999	-999	-999	-999	-999	-999	-999	-999	-999	-999	-999	-999	-999	-999	-999	-999	-999	3.53810287	3.504922921	3.443143457	3.362261791	3.283344785	3.216835721	3.166678524	3.13156746	3.10911553	3.089234984	3.069281614	3.04982716	3.034750522	3.018659908	3.000440693	2.981837545	2.95867712	2.932541565	2.908615554	2.888684032	2.87722317	2.877349138	2.883654825	2.898117192	2.911768632	2.925163417	2.93598147	2.944983466	2.95125547	-999
12	13.19753319	13.4088036	13.61421103	13.83162918	13.96850848	14.10958692	14.28191908	14.43064771	14.60227025	14.80658996	14.92346607	15.18381531	15.39443858	15.57923371	15.78771132	16.01745687	16.26423146	16.53180331	16.81365701	17.06513412	17.28379984	17.47931364	17.63507212	17.80648986	18.004928	18.22448087	18.42308838	18.60823819	18.81252117	19.0290642	19.27543708	19.49511631	19.72057529	19.93314023	20.17748374	20.45106276	20.82793108	21.24908786	21.69221368	22.03240517	22.34057089	22.73337545	23.12776917	23.47550208	23.81673034	24.19123131	24.60162295	24.99370768	25.37058481
13	7.501082253	7.543771476	7.586240237	7.599139397	7.578682389	7.566392987	7.568242111	7.561784557	7.54909464	7.549344306	7.56930715	7.574210743	7.561628042	7.561225041	7.564514224	7.569773087	7.57483343	7.58480458	7.619648322	7.67775058	7.755464698	7.840789585	7.905981996	7.935454661	7.948351442	7.958959366	7.968464277	7.976593904	7.992317898	8.011958139	8.041705139	8.08220662	8.118310406	8.169314825	8.22532011	8.267853312	8.294710154	8.321807352	8.340572323	8.361311391	8.38859937	8.425867313	8.477169158	8.543772933	8.629701727	8.739430272	8.795351989	8.83800115	8.875668656
14	-999	-999	-999	-999	-999	-999	-999	-999	-999	-999	-999	-999	-999	-999	-999	-999	-999	-999	-999	7.158841119	7.270869972	7.381953209	7.494404413	7.597660502	7.685759734	7.763975337	7.838208234	7.913069319	7.984168268	8.050043337	8.111176138	8.1725836	8.234436391	8.306933919	8.391697224	8.483777778	8.581043716	8.762606448	8.946249909	9.054434783	9.174445023	9.296893822	9.41581272	9.533642724	9.648029753	9.757489593	9.85471881	9.941170896	-999
16	0.220006843	0.228999514	0.239996289	0.252006039	0.267005105	0.283994404	0.302995333	0.322998355	0.342991879	0.360000249	0.374000482	0.386004362	0.396008933	0.407005074	0.418995718	0.433004119	0.448998039	0.465005374	0.480996393	0.495995263	0.510010215	0.522991112	0.535990336	0.550009731	0.563999329	0.578989853	0.594999751	0.614012026	0.636991228	0.665006674	0.698009774	0.734997436	0.778989473	0.829991182	0.888985951	0.95798543	1.036011462	1.115005481	1.184989205	1.241029967	1.27798211	1.299978235	1.315021287	1.335994016	1.371996989	1.425976522	1.493978453	1.56896705	-999
17	65.45304545	66.9752093	68.30528	68.34926316	69.99450794	72.03749231	73.89256923	75.22268116	77.03204054	79.29936145	81.71905128	83.9685	85.78194667	88.75938889	90.64785882	93.65071429	95.92566327	98.59822222	100.9203846	102.9186577	105.4127157	107.7811835	110.576823	113.2075882	115.283028	117.4056268	120.1373526	122.4574903	125.3157325	127.7220061	130.0729424	132.750275	134.9264272	137.0598111	138.9575826	140.811248	142.405771	144.4586502	145.864149	147.6316627	149.2422139	150.8390447	152.6423112	154.5267181	156.1571498	157.8866645	159.6660205	161.3530945	-999
19	-999	-999	-999	-999	-999	-999	-999	-999	-999	-999	-999	-999	-999	-999	-999	-999	-999	-999	-999	10.18917776	10.19403877	10.21658974	10.23863339	10.22675803	10.19471326	10.15994694	10.11629527	10.06841828	10.02716277	9.980594408	9.929832066	9.866669322	9.796865751	9.729504645	9.663463025	9.605528948	9.560356493	9.527909847	9.506501117	9.490862817	9.472842742	9.463635557	9.465323684	9.474863887	9.489317403	9.502519541	9.497178094	9.484940356	-999
20	9.660231638	9.696293832	9.725340763	9.754795262	9.782182088	9.797852775	9.808978382	9.816849508	9.824291388	9.833924571	9.841242261	9.848893902	9.854066358	9.855369994	9.856714523	9.859457555	9.869530483	9.904464866	9.939929721	9.968047084	10.00631231	10.04692992	10.0863584	10.11611925	10.13693498	10.15696127	10.18057752	10.2025635	10.22575364	10.25129098	10.28733711	10.33312886	10.37598774	10.42138223	10.47949119	10.54808966	10.62607653	10.71034471	10.79584855	10.89574116	11.03807802	11.10761834	11.15883559	11.20860003	11.27337761	11.33142397	11.37510686	11.42695989	11.4833837
22	2.987039216	3.052351145	3.102886364	3.192636364	3.258809859	3.337630952	3.416346939	3.538925926	3.606745283	3.724933962	3.796101266	3.911462366	4.050655556	4.162945055	4.298309091	4.401989247	4.55556962	4.686921053	4.850913793	4.931	5.124307692	5.357564103	5.499105263	5.662315789	5.829605263	6.088785235	6.266854054	6.460957447	6.668985075	6.8817343	7.082204082	7.293212996	7.514435644	7.752984076	7.993620896	8.216881013	8.451334821	8.698281179	8.941901919	9.202317269	9.463614561	9.718367206	10.00750897	10.28999793	10.582576	10.86307987	11.18006879	11.48365127	-999
25	4.584747881	4.686124756	4.781654717	4.893133803	5.001878462	5.11078705	5.229193906	5.34593099	5.463391946	5.578325459	5.695867246	5.815633017	5.934205219	6.055537135	6.179142458	6.307865356	6.446287834	6.577093514	6.72570922	6.863523057	7.008031873	7.157907672	7.310810127	7.469356295	7.619428108	7.776481777	7.933319222	8.096135955	8.25582561	8.421453237	8.577892771	8.747028571	8.910858564	9.072259023	9.233289181	9.397	9.55782684	9.724142508	9.88824318	10.04844873	10.21178178	10.38093013	10.54356608	10.70489419	10.8673102	11.03350083	11.19285862	11.3556503	-999
26	-999	-999	-999	-999	-999	-999	-999	-999	-999	-999	-999	-999	-999	-999	-999	-999	-999	-999	-999	4.462862197	4.368575998	4.233533937	4.079278202	3.939429306	3.827098016	3.764033728	3.73675444	3.733843564	3.742968334	3.751212196	3.756490262	3.758580492	3.761683993	3.763725155	3.764893875	3.76502997	3.762789334	3.753709941	3.736038277	3.705260854	3.660965113	3.605097102	3.543138198	3.482096077	3.429212256	3.386037675	3.352045939	3.32378534	-999
27	0.644023622	0.667011561	0.691308594	0.714984252	0.740867412	0.770081588	0.801239087	0.831963768	0.86521463	0.897777427	0.930087838	0.963286385	0.995934183	1.030941912	1.069830364	1.110780707	1.155139175	1.200277747	1.244128541	1.287208161	1.326230359	1.364049214	1.39891864	1.433931099	1.469256103	1.505359835	1.539923656	1.576284247	1.609716312	1.643114053	1.67484922	1.704767993	1.733840124	1.766158363	1.799239697	1.8359708	1.874918403	1.915712604	1.953333333	1.987464763	2.014510892	2.040049509	2.063124571	2.0892186	2.120878488	2.160210152	2.204752354	2.25422185	-999
28	97.52816276	99.81319622	102.2685493	104.6797947	107.2193391	109.7522224	112.4598684	115.1348167	117.846884	120.7188388	123.588234	126.4604612	129.4664058	132.3602326	135.2319931	138.1548784	140.9220181	143.5866447	146.2979525	148.999979	151.6469017	154.2821346	156.8774471	159.4706624	162.0470569	164.6275595	167.1998476	169.7777939	172.3526338	174.8356191	177.1549302	179.5856354	181.8339628	184.0204553	186.1551965	188.1510281	190.0916983	192.0223705	193.8726861	195.688384	197.4949485	199.2856687	201.0658569	202.7678854	204.4512041	206.1544312	207.7900005	209.5174384	-999
31	0.135992484	0.14200884	0.149015659	0.154992672	0.162007938	0.167995827	0.175001146	0.181004257	0.187992917	0.193993164	0.200002237	0.206003958	0.21199752	0.217992563	0.224007908	0.231002829	0.23799841	0.243992133	0.25099322	0.259003654	0.265990805	0.27398976	0.281997081	0.289002165	0.297005739	0.304996958	0.311993684	0.319002071	0.326007003	0.333003612	0.340002208	0.347003182	0.352993611	0.359012696	0.365001211	0.369992207	0.374995288	0.378999685	0.3839922	0.388999206	0.39398972	0.39899708	0.403997524	0.410012244	0.415002222	0.419988406	0.423997093	0.429003003	-999
32	8.535832843	8.576123812	8.620479191	8.678723028	8.720731176	8.759020582	8.803659713	8.814245845	8.825904496	8.862160396	8.890768016	8.916761078	8.939803784	8.961200948	8.960805428	8.957777897	8.971090009	8.981081002	8.877365269	8.718277663	8.632514595	8.539931912	8.471659366	8.444062389	8.405688397	8.362649197	8.312064154	8.256437938	8.210245677	8.16945948	8.009413357	7.83689289	7.774381	7.716443002	7.658660986	7.601119193	7.54517225	7.492810361	7.443547952	7.396295382	7.348502105	7.305558921	7.264721725	7.223708042	7.178557075	7.127440225	7.076071582	7.023387676	-999
35	-999	-999	-999	-999	-999	-999	-999	-999	-999	-999	-999	-999	-999	-999	-999	-999	-999	-999	-999	-999	-999	-999	-999	-999	10.65817391	11.00582014	11.31475172	11.61847531	11.919675	12.19258385	12.37132184	12.63350286	12.85522703	13.06497802	13.26146734	13.50715138	13.68281226	13.87960076	14.09627419	14.30904025	14.55022523	14.77833333	15.03274709	15.28382456	15.52708721	15.76824618	16.01625446	16.25192758	-999
36	6.672781818	6.8743125	7.060823009	7.231518182	7.439591241	7.689743802	7.885905325	8.123551136	8.381141304	8.59956701	8.907609137	9.163214634	9.464643519	9.775356164	10.07725847	10.3920724	10.74913208	11.07972889	11.449	11.80248214	12.16578	12.49223077	12.85618617	13.21380829	13.58809945	13.96149143	14.35276536	14.7493022	15.10444654	15.49045	15.92203529	16.36283616	16.76067978	17.22444571	17.68542771	18.271	18.71845909	19.23168919	19.79313169	20.36544758	20.92545259	21.46341739	22.10404545	22.69787121	23.31281176	23.90079216	24.51558436	25.22572581	-999
37	21.96171934	22.2179658	22.49153287	22.80819272	23.14242743	23.44985456	23.72663382	23.96336712	24.20196022	24.5159269	24.81974051	25.11673592	25.36604798	25.60717298	25.84176401	26.09954235	26.44688758	26.79148663	27.27750984	27.69186745	28.03628028	28.37092133	28.68443161	29.00104517	29.30287184	29.60991184	29.90585132	30.15578595	30.40131016	30.68542793	31.02164999	31.35904736	31.64311312	31.94008705	32.24418565	32.5701072	32.88826141	33.24788244	33.62892467	34.00568431	34.33981448	34.71413279	35.08302508	35.43740339	35.70279149	36.10992611	36.54271701	37.05707697	37.59014632
42	9.734583526	9.905271593	10.07380614	10.24416372	10.41488558	10.56226269	10.71749971	10.86944451	11.02040919	11.17188674	11.3606736	11.54261519	11.72936336	11.91294284	12.10309741	12.31823752	12.53672677	12.74879239	12.96301814	13.18194313	13.42287274	13.66201263	13.90815312	14.14933417	14.3926052	14.59680408	14.79502394	14.99688952	15.19916373	15.3969962	15.57365232	15.74604914	15.91900851	16.08837515	16.28316901	16.42404071	16.59868842	16.76328143	16.92928579	17.09137145	17.26654516	17.4504704	17.638858	17.83712527	18.04454295	18.27734134	18.52138938	18.76857237	19.03912381
43	15.2643084	15.58459936	15.88660844	16.17885597	16.46610875	16.75297635	17.04278291	17.33125888	17.62015253	17.90498841	18.19291924	18.47660689	18.75901318	19.03801336	19.3013006	19.55901959	19.80532249	20.04013611	20.2642029	20.48088612	20.68027468	20.86775756	21.04438097	21.20703276	21.35670053	21.49044995	21.60731824	21.72105996	21.83976678	21.96735357	22.11012483	22.26106922	22.42076315	22.57047617	22.70493852	22.82408959	22.92780137	23.01817497	23.10529271	23.18730399	23.2685127	23.34798531	23.42192914	23.49202343	23.55598122	23.61767131	23.67468968	23.72653466	-999
43	840.7166325	862.4388734	881.7981265	900.6460623	916.580089	930.7837437	943.1662488	955.9608871	968.8913505	981.1723655	993.8744586	1008.88248	1023.427709	1036.73849	1051.084118	1066.553845	1083.884028	1101.818891	1118.863335	1135.246868	1150.488869	1164.776913	1178.477827	1191.885786	1204.929392	1217.456856	1229.82291	1242.071016	1252.528644	1262.600877	1271.855909	1280.250719	1288.595105	1295.936289	1303.644655	1311.152072	1317.836213	1324.55048	1331.251048	1337.712488	1344.048434	1350.652981	1357.420711	1364.313265	1371.125416	1378.574301	1386.352031	1392.810071	-999
43	4.044448729	4.123971959	4.242140529	4.377519889	4.462362408	4.517731541	4.584671285	4.668427751	4.930504489	5.062996187	5.183388579	5.265761832	5.3442767	5.397755511	5.456497065	5.525008747	5.581522517	5.628391218	5.686248858	5.705273771	5.75213959	5.801072466	5.9011768	6.03481338	6.155582575	6.436066131	6.488982376	6.543641244	6.607484844	6.665063759	6.714091027	6.744505127	6.731424304	6.784036982	6.812596341	6.856862443	6.915698759	6.957495942	6.973328257	7.024111892	7.072500775	7.149547242	7.17871099	7.230254378	7.290626348	7.337507705	7.391931017	7.451533765	-999
44	22.01234736	22.50989044	23.02479116	23.54447517	24.06229422	24.60938033	25.16696431	25.73298909	26.32212461	26.897449	27.48708733	28.10424861	28.72110684	29.32524515	29.94941426	30.56495053	31.19611274	31.82293058	32.46261694	33.10274422	33.76041548	34.41153793	35.08396972	35.76603016	36.42243211	37.07491269	37.71914853	38.35910019	39.01333983	39.62005852	40.25152248	40.88783645	41.49361329	42.07100162	42.6475789	43.20074674	43.73750687	44.27103309	44.75068157	45.21673197	45.67390178	46.06100864	46.48213701	46.97092559	47.51429929	48.18041802	48.89055454	49.64793682	-999
46	20.615144	21.146864	21.67396694	22.22892562	22.98882456	23.59654386	24.18281897	24.87966087	25.61796	26.39600833	27.09024	27.74391579	28.4239127	29.1970084	29.85369725	30.66936735	31.58901905	32.55480374	33.33635354	34.76362791	35.55221739	37.13684211	39.21571429	40.49876667	42.31966667	42.6722963	44.30673077	45.49639286	46.49151852	47.378	47.55653333	51.38086667	52.09088889	53.32347368	55.73182609	55.73716	59.34626923	61.28482143	62.04832143	64.45675862	66.99028571	68.82345455	70.94128571	73.91601587	75.97016667	79.16052	81.55037037	84.93548	-999
47	1.365397619	1.408569767	1.447835749	1.490382716	1.535255696	1.581170213	1.629253846	1.677039506	1.729103175	1.779876607	1.829133838	1.882842353	1.940428916	1.994942466	2.053608108	2.113624615	2.167906907	2.230986755	2.295048611	2.357523985	2.421542553	2.491073171	2.560431034	2.638306122	2.710424242	2.782138158	2.876189189	2.944288288	3.037634146	3.129553459	3.221446701	3.313526316	3.403723982	3.503004484	3.62048927	3.744978022	3.874579505	4.011520468	4.140709763	4.273153846	4.398214286	4.511475709	4.621852459	4.739836625	4.853978528	4.980535117	5.111912029	5.244149171	-999
49	1.894674107	1.942944065	1.991793399	2.042107513	2.093979518	2.149940334	2.205727273	2.265119555	2.32629378	2.390139535	2.454790754	2.521899701	2.593208396	2.662786436	2.736707865	2.809943989	2.884681937	2.960738462	3.03869711	3.11808503	3.201660093	3.288147009	3.372646903	3.457830482	3.545363419	3.630463882	3.719801818	3.802579783	3.884791489	3.960571303	4.033545977	4.100695261	4.164506646	4.22459127	4.286707547	4.345283019	4.405860818	4.462947228	4.519670688	4.576383229	4.632113728	4.68920788	4.740991453	4.795236111	4.847657323	4.898288247	4.949117878	4.999679109	-999
50	5.325436807	5.573478992	5.841974138	6.119793028	6.41	6.712134875	7.025909465	7.348752768	7.692004211	8.035471564	8.389573034	8.76712426	9.14090709	9.535208571	9.924247557	10.2921204	10.69962105	11.09214493	11.48365098	11.91813656	12.35174336	12.83402315	13.26152466	13.74924	14.1847087	14.67828788	15.14773734	15.57870968	16.03989928	16.44135584	16.8687628	17.23747027	17.57927645	17.94177483	18.33754259	18.75867	19.19889965	19.63358025	20.09125085	20.5259934	21.00889123	21.54378142	22.08392428	22.62393687	23.25147689	23.84212788	24.41187529	25.08918481	-999
51	-999	-999	-999	-999	-999	-999	-999	-999	-999	-999	-999	-999	-999	-999	-999	-999	-999	-999	-999	4.77653125	4.688842949	4.575385164	4.600107831	4.651558696	4.619817699	4.556929082	4.535346175	4.531479413	4.513197454	4.46825426	4.299797287	4.30161807	4.303026866	4.305134066	4.310152348	4.311008632	4.309968115	4.309550545	4.305457543	4.294840433	4.281050799	4.268220691	4.256183619	4.238045416	4.203968022	4.174404843	4.124598064	4.089410963	-999
52	8.868149127	9.02526628	9.18055753	9.322150376	9.44711875	9.554434436	9.64620014	9.723260144	9.79064248	9.848852713	9.899561095	9.94091987	9.979733995	10.03291544	10.09688328	10.1840115	10.28652943	10.39880666	10.50295632	10.59849581	10.67197991	10.73393124	10.78854121	10.83982368	10.88690689	10.93925908	10.98999376	11.03886949	11.08376473	11.12440277	11.16689241	11.19829725	11.22948213	11.2512457	11.26413264	11.26271669	11.24964087	11.23462638	11.22840606	11.22432332	11.23736808	11.25828337	11.28200508	11.30742278	11.32687173	11.33336267	11.33658914	11.33816093	-999
53	0.617069685	0.622961251	0.632074167	0.638031985	0.506029295	0.498040575	0.497960217	0.498035897	0.500969884	0.50600511	0.511957878	0.523016473	0.524990987	0.532005438	0.537953696	0.544978624	0.550977165	0.556999237	0.563012399	0.573018701	0.587021133	0.603019556	0.618976325	0.633000123	0.644990546	0.655991414	0.665975414	0.675006269	0.683027893	0.689977347	0.697965716	0.705965609	0.713973039	0.722977182	0.733015497	0.743966534	0.757993058	0.776019556	0.797024541	0.819013424	0.840021118	0.862003175	0.866029995	0.857998812	0.846973733	0.847991343	0.855010727	0.863987129	-999
54	9.831068029	9.868258919	9.92185571	9.988758577	10.06181867	10.12792954	10.18924947	10.24594663	10.29709404	10.32703025	10.30281643	10.31421989	10.3228682	10.33087341	10.33704312	10.34102596	10.3491534	10.35594709	10.36219214	10.36312474	10.30886431	10.31836627	10.33107348	10.33573793	10.33085549	10.3148924	10.30383979	10.29540282	10.28261182	10.27290009	10.22394157	10.20070963	10.20194608	10.20701735	10.23429699	10.26695439	10.32278061	10.43037172	10.4910424	10.51718246	10.49727905	10.50863656	10.51050871	10.52452983	10.54342842	10.56498653	10.58945684	10.62642327	10.66846914
55	4.962995612	4.992144013	5.022125078	5.04506859	5.060135333	5.073042805	5.089170587	5.105132447	5.117958783	5.123978305	5.122203352	5.117931108	5.113768995	5.110814694	5.112826255	5.119830687	5.126856861	5.130185725	5.132099928	5.139958363	5.153995284	5.171103945	5.18905027	5.205850287	5.229775976	5.262068679	5.284936635	5.302981246	5.321122681	5.338009661	5.356960241	5.376243321	5.390003561	5.403091543	5.418753322	5.437052317	5.460152927	5.492822222	5.523323806	5.547030264	5.570181939	5.591392298	5.612839538	5.642944562	5.682077434	5.729201445	5.766926922	5.793822327	5.819524914
58	4.629014608	4.753273389	4.885219178	5.013202608	5.146425469	5.278425469	5.407613333	5.541813688	5.674329336	5.806616514	5.934910979	6.067169634	6.202458219	6.331920394	6.467122407	6.594783582	6.730154038	6.863383122	6.996390638	7.132168593	7.268321058	7.409940935	7.547461733	7.68525762	7.819834843	7.953143519	8.083565704	8.215277027	8.3438933	8.471459316	8.600096572	8.725450334	8.849169869	8.974921667	9.097683801	9.217895976	9.338034024	9.456824561	9.574791645	9.696601427	9.811876524	9.933452652	10.04932051	10.16560502	10.28346011	10.39701245	10.51389765	10.62830554	-999
59	6.25219678	6.426226277	6.613146667	6.79914026	6.991288575	7.186384293	7.387083029	7.579084495	7.78431862	7.987080583	8.195171528	8.408974395	8.626347589	8.844413439	9.064146076	9.294382995	9.520453726	9.75527381	9.993863674	10.23156068	10.46967494	10.71243714	10.96363232	11.2090812	11.45582086	11.6996285	11.95121053	12.19773521	12.44414614	12.678241	12.9183007	13.14426076	13.36967912	13.59456624	13.82350754	14.05567252	14.29797635	14.53676002	14.77082785	15.00943584	15.24460628	15.47189266	15.70438485	15.95383618	16.21487527	16.48956427	16.7879292	17.08394625	-999
60	35.29970775	36.11948718	36.89268984	37.73418035	38.52627108	39.44271202	40.35513115	41.29022682	42.27537674	43.30644208	44.4134781	45.53826492	46.73262988	47.97251165	49.25429488	50.61545378	51.99983407	53.41470645	54.79992842	56.13768277	57.4458223	58.68304469	59.85912646	61.10812839	62.33063275	63.58168861	64.91407552	66.20538389	67.51305486	68.84797593	70.14018079	71.46767443	72.81778183	74.16390998	75.53526458	76.87397322	78.23746772	79.61971016	81.13907488	82.75116604	84.53068718	86.41942779	88.40612745	90.40791671	92.44256935	94.44266234	96.42264947	98.4051963	-999
61	3.770265896	3.868792929	3.963762911	4.062861244	4.158851293	4.245023913	4.334449462	4.431282276	4.51583683	4.586491379	4.659813665	4.743709265	4.806193548	4.865064103	4.941804217	5.005166667	5.063410127	5.130457002	5.198489796	5.2665075	5.34338343	5.415551195	5.491655332	5.562972826	5.626218673	5.691074286	5.744508235	5.796689655	5.843994344	5.890979522	5.929266004	5.964159645	5.996360971	6.026926543	6.051226021	6.081638838	6.106320447	6.129792905	6.160774354	6.186688205	6.213228175	6.235357	6.265188285	6.292616633	6.322952199	6.357900656	6.385480298	6.422673	-999
62	-999	-999	-999	-999	-999	-999	-999	-999	-999	-999	0.264057508	0.285581081	0.307955224	0.333165414	0.35109322	0.369178295	0.383969697	0.396118056	0.40797861	0.419860927	0.431844156	0.44633557	0.464607692	0.477466165	0.497850746	0.515439306	0.535235714	0.558889796	0.58213141	0.6059889	0.631976158	0.657949656	0.686949203	0.716934766	0.750028081	0.783969656	0.8220413	0.861030769	0.902043681	0.94398874	0.98696107	1.031040936	1.075950266	1.122084949	1.168902073	1.215077296	1.261896552	1.309049483	-999
63	-999	-999	-999	-999	-999	-999	-999	-999	-999	-999	-999	-999	-999	-999	-999	-999	-999	-999	-999	-999	-999	2.256721649	2.236904594	2.221015528	2.201372881	2.196871465	2.194431694	2.208677778	2.239769504	2.29067037	2.372398601	2.478602996	2.599976744	2.722729508	2.825694175	2.924196532	2.990259036	3.065114286	3.110496552	3.179802632	3.220556962	4.518059322	4.5651	4.621553719	4.63903252	4.693217742	4.751955556	4.801006711	-999
64	-999	-999	-999	-999	-999	-999	-999	-999	-999	-999	-999	-999	-999	-999	-999	-999	-999	-999	-999	1.587025926	1.57902452	1.550035811	1.510999833	1.476967259	1.447997266	1.425012012	1.406029779	1.393021963	1.378962178	1.400966356	1.393055488	1.384032055	1.374980078	1.366046055	1.35905103	1.350952859	1.343029639	1.338043643	1.336059711	1.333000718	1.329987784	1.324950797	1.320006885	1.315963394	1.312988483	1.315972511	1.316023649	1.319049076	1.324962844
65	29.06613333	30.19495	30.9227619	32.23878049	32.72527778	32.91066667	33.31305714	33.88983784	34.74131579	35.57092105	36.33539024	36.56481081	38.22557895	39.5805	40.76402941	41.96894872	43.29651163	44.87244186	46.18386364	48.24617778	49.20375556	51.64444444	52.89152941	54.52926316	56.72641463	58.85915909	61.17848889	62.19976596	64.85137778	66.69245833	68.45510169	70.17441667	72.55526984	74.00915385	76.34332759	78.75278333	81.18829851	83.39840541	84.82294595	87.18207463	89.90637333	92.48625974	95.7698046	98.45618269	100.8742121	103.9876726	106.5946261	109.0283417	-999
69	4.611751562	4.639881583	4.66602142	4.691091256	4.710971962	4.725999812	4.738947618	4.752827244	4.76494418	4.780068653	4.799982295	4.827124822	4.855901413	4.88226355	4.902021726	4.917819428	4.931793895	4.946958097	4.964176289	4.985978513	5.014135545	5.042042628	5.065871494	5.087898864	5.108148712	5.125090564	5.14000111	5.154005443	5.16608215	5.176134256	5.187921134	5.201154825	5.213044417	5.228036824	5.245777343	5.265947381	5.288824272	5.312884717	5.33898293	5.362916097	5.387842796	5.413762342	5.438951855	5.462707317	5.481346577	5.495067421	5.508140036	5.516060136	5.522146535
70	52.43661902	52.90922839	53.33085846	53.68119001	53.93346679	54.14902561	54.39338875	54.63606901	54.87518883	55.15740349	55.4712654	55.80892866	56.10320945	56.37808125	56.65936302	56.9563973	57.26787184	57.5986738	57.94014814	58.26018038	58.54566498	58.83621091	59.09734131	59.31102951	59.52678244	59.74138252	59.95379436	60.17711535	60.48797888	60.90093504	61.34710813	61.80091357	62.2309417	62.69263528	63.17269613	63.6072271	64.0069189	64.35726676	64.69184376	65.0070845	65.32871738	65.64696945	65.99725391	66.31394094	66.57544228	66.82691223	67.05735555	67.26021454	67.45617447
73	0.600974716	0.612112694	0.623004082	0.634937571	0.647834902	0.661107103	0.676162328	0.691942834	0.708854178	0.725935883	0.744892972	0.764129509	0.783865749	0.805167201	0.827181908	0.849917722	0.874110123	0.898068493	0.924289452	0.948913452	0.975616712	1.003380523	1.029793664	1.056564823	1.085186469	1.113394178	1.140933283	1.16977368	1.198795276	1.228209556	1.258140545	1.288504186	1.320092205	1.354223273	1.391239968	1.430285714	1.472958207	1.518544838	1.569192453	1.623710623	1.684528217	1.74981925	1.816971223	1.883639629	1.947617964	2.007654672	2.065533224	2.118638564	-999
74	-999	-999	-999	-999	-999	-999	-999	-999	-999	-999	-999	-999	-999	-999	-999	-999	-999	-999	-999	4.801872383	4.836159651	4.873584253	4.911410209	4.836517434	4.657611334	4.491735983	4.35089127	4.24342178	4.15603981	4.078036092	4.011677343	3.977088858	3.952866492	3.927589461	3.90178119	3.88132247	3.859443029	3.847414674	3.812837176	3.786980288	3.756297161	3.728092499	3.718900052	3.71976872	3.724808734	3.727489388	3.728038782	3.730482348	-999
75	78.34540681	78.71533787	78.95710626	78.9760652	78.68126336	78.31758522	78.16379462	78.08349417	78.10184508	78.30200904	78.41504747	78.33189832	78.12388971	77.8483165	77.66868507	77.69148553	77.7188968	78.11354069	78.68006297	79.36572813	79.97595974	80.49913236	80.94910901	81.1472931	81.30962648	81.46405565	81.5063128	81.44474026	81.42265691	81.45924679	81.51757039	81.57808697	81.54693929	81.45625795	81.33656724	81.17509503	80.99466135	80.76529169	80.48530945	80.28441473	80.27683423	80.42543853	80.6475669	80.98462661	81.68413769	82.35082991	82.65801345	82.90239145	83.08318692
76	8.991070423	9.250585253	9.49630137	9.737450893	9.981896104	10.21207391	10.40393776	10.57553556	10.79861951	11.06207576	11.3449322	11.67270769	12.02540323	12.40096528	12.7607037	13.19002395	13.51414118	13.98807101	14.36116484	14.80504118	15.25136486	15.63301765	16.14654491	16.56022159	17.02884492	17.50414573	17.93342289	18.37404392	18.83147896	19.25877432	19.72661594	20.23255015	20.75052117	21.26500725	21.82182699	22.39136812	22.95537088	23.56683832	24.16139948	24.79140048	25.39977103	26.02227846	26.61356615	27.23713306	27.86900399	28.46687333	29.11218543	29.78791093	-999
77	0.029002116	0.029005877	0.029995425	0.030004065	0.029998066	0.030006283	0.030003561	0.03	0.029999614	0.030000641	0.029995871	0.030002485	0.028997337	0.02899758	0.028997747	0.02900201	0.028997726	0.029	0.029000851	0.028999594	0.028999141	0.029	0.028999165	0.028998788	0.028999587	0.029001414	0.029000881	0.030000288	0.031001433	0.031000638	0.032000092	0.03200126	0.033000274	0.032999748	0.032999512	0.032999611	0.033999919	0.034000395	0.034000144	0.033999785	0.03399911	0.034000944	0.034000341	0.034000444	0.033999362	0.034000556	0.033999132	0.03399951	-999
78	8.923038448	8.980929236	9.022152755	9.053982038	9.139564996	9.261898616	9.40472204	9.529059651	9.64637868	9.742536554	9.830883531	9.890536706	9.949056501	9.998528428	10.03682775	10.07032481	10.10496249	10.14082549	10.19336916	10.26559398	10.35326746	10.42917349	10.48582881	10.5344427	10.56186784	10.60829556	10.66065215	10.72158292	10.76231452	10.80540519	10.86149771	10.90245164	10.92787925	10.95518552	10.9867595	11.02047523	11.04749391	11.07803452	11.10732783	11.12037748	11.10442569	11.04538666	10.96435372	10.89272091	10.82032154	10.77680215	10.75503255	10.73209199	10.71250089
83	5.775994898	5.936071429	6.1042529	6.26791224	6.430034115	6.599207289	6.766676113	6.927933579	7.108381113	7.277951641	7.465501027	7.648275779	7.846897143	8.03652987	8.248220207	8.435512727	8.634736508	8.832027356	9.040377976	9.268580925	9.474213889	9.714556322	9.929572961	10.18063147	10.40673179	10.64997765	10.89414338	11.12834789	11.38878333	11.64491452	11.92582048	12.20375665	12.49594208	12.80180884	13.0893441	13.39156544	13.70779928	13.99899454	14.32489567	14.63436917	14.94455837	15.27618006	15.59706711	15.91673957	16.25238395	16.58157364	16.90857813	17.25266018	-999
87	4.7321	4.810364865	4.937635135	4.985073171	5.096839506	5.176836364	5.312803571	5.420554622	5.524872881	5.639454545	5.794477778	5.917778761	6.045258065	6.183603175	6.318547619	6.496245614	6.60895122	6.766374046	6.873566176	7.023669173	7.150352	7.341774775	7.48891954	7.5606	7.712162393	7.897104478	8.013761006	8.1871875	8.323620482	8.467287356	8.603528409	8.745876923	8.8911	9.021467836	9.195197674	9.361976608	9.502857143	9.646929293	9.805141361	9.958140426	10.10555849	10.24123176	10.40635458	10.55046237	10.71209365	10.84831683	10.97543581	11.11504152	-999
88	2.800977556	2.881758706	2.972237089	3.061982843	3.154325416	3.252590389	3.35088535	3.459508734	3.569213983	3.678362256	3.792122353	3.910397059	4.033695652	4.152797327	4.286107692	4.40753886	4.54592823	4.677258929	4.810639004	4.95943508	5.101735849	5.240674468	5.397674274	5.545060998	5.711488818	5.877964942	6.044617696	6.221666187	6.393731672	6.570592972	6.74842602	6.929949445	7.105984073	7.28347412	7.458929561	7.637693666	7.807041543	7.97898995	8.153576754	8.315027442	8.477106139	8.636849134	8.80229716	8.955125127	9.11610495	9.270828208	9.429229379	9.584335436	-999
89	10.36538672	10.39450469	10.42633349	10.47190573	10.53169878	10.58924098	10.63833923	10.67376605	10.69742694	10.70679679	10.6994012	10.68290431	10.65565779	10.61983215	10.57905186	10.53402221	10.48666225	10.44352167	10.39751368	10.36458002	10.34570292	10.32395266	10.29440739	10.26165029	10.32971882	10.31179716	10.29057522	10.26729413	10.23777063	10.21085933	10.18798813	10.15824489	10.1293372	10.1066083	10.08703816	10.07094068	10.05598392	10.03747362	10.02275642	9.99896755	9.972818593	9.920816431	9.893477876	9.866862562	9.842901821	9.813484421	9.788797647	9.775297964	9.77080419
90	0.206014085	0.208996233	0.211994275	0.215006599	0.21801148	0.220009683	0.221999185	0.223995923	0.225996536	0.228005873	0.231007185	0.233989973	0.236986629	0.239010577	0.240994671	0.242984576	0.246002116	0.249998906	0.253016644	0.254996369	0.25801604	0.261012778	0.263995248	0.266000648	0.266995514	0.268990937	0.271014524	0.273993216	0.276988408	0.281017685	0.284997293	0.288004048	0.288990386	0.292993029	0.295998411	0.303992108	0.31101153	0.319017742	0.319	0.317974225	0.319004438	0.321003452	0.32400287	0.326977483	0.330993887	0.334987508	0.342994788	0.353011733	0.360985959
91	568.7478365	580.4986944	594.5204873	609.1242036	622.3919742	637.8095412	651.6410826	667.6474364	682.9098965	698.6411273	714.9967235	732.193134	749.1093234	766.9092043	784.3094208	801.2106797	820.2325677	838.0271005	855.9431365	873.346084	891.5124618	908.9479664	928.0909133	945.7732352	963.5268495	982.3472889	1001.36962	1019.230394	1038.373974	1056.799681	1074.640833	1093.171791	1111.257307	1129.966276	1147.266539	1165.870327	1183.12969	1200.321733	1217.434523	1234.018375	1250.086847	1265.956753	1280.782083	1295.456779	1309.892144	1324.087985	1338.314066	1352.743275	-999
92	117.811271	121.1338675	123.981834	127.277704	130.4821586	133.7943655	137.2033817	140.486877	144.1294078	147.3112113	151.045314	154.529749	157.9202238	161.3743053	164.8400176	168.3226032	171.7264911	175.0748191	178.2756883	181.3531975	184.5710508	187.6473266	190.9196706	193.9322749	196.9093012	199.944445	202.7555881	205.6872431	208.623301	211.4625871	214.4571063	217.3365411	220.3019522	223.3365898	226.3419109	229.346249	232.4318802	235.4387589	238.6226588	241.7596074	245.1381237	248.4143458	251.8786018	255.0839154	258.319539	261.5714404	264.613898	267.6904719	-999
93	29.27302483	30.08289021	30.90810048	31.78502978	32.72368639	33.73542219	34.80799562	35.95687495	37.24378296	38.64625502	40.19436279	41.86056915	43.6303856	45.47644486	47.35472445	49.26748902	51.19755725	53.0689194	54.81547289	56.36787821	57.68106212	58.77610507	59.73169545	60.58556736	61.44974598	62.30045921	63.13917006	63.97795359	64.80464945	65.62954456	66.4536484	67.27934144	68.12690793	68.95569121	69.75799666	70.54961448	71.3320682	72.12437665	72.92660014	73.75856065	74.63282657	75.53501967	76.47782452	77.46903006	78.49187883	79.56503286	80.67606511	81.8002319	-999
94	10.25617992	10.59526636	10.95334508	11.31167989	11.68321955	12.06646433	12.46369055	12.8639983	13.25989205	13.65601301	14.04772247	14.43417535	14.81497027	15.19252383	15.55688243	15.90883852	16.25794496	16.61422499	16.99647722	17.41854005	17.88960866	18.40512223	18.95642253	19.53885762	20.14927785	20.78287207	21.4398697	22.1149609	22.80311831	23.50114833	24.20971321	24.93440889	25.63936404	26.3175948	26.92261847	27.44991683	27.91074366	28.3884376	28.97262147	29.73779759	30.72437229	31.89288054	33.15860713	34.41266781	35.57192383	36.60660963	37.54849838	38.43200276	-999
95	2.977801871	3.024196863	3.073117586	3.123846164	3.176937059	3.228000443	3.272174561	3.314126821	3.368193974	3.401081823	3.442815003	3.480011565	3.50493192	3.52905073	3.540787712	3.54197511	3.542810225	3.531009423	3.509814548	3.505862615	3.526113712	3.554962993	3.574097901	3.58587335	3.601105925	3.625829333	3.664176612	3.713934624	3.754860804	3.803893548	3.864150395	3.931945843	3.996941601	4.066917455	4.160133627	4.270174995	4.399926481	4.495893812	4.539078339	4.559947854	4.579169492	4.597136422	4.619895074	4.651771834	4.695691868	4.749261451	4.801908651	4.861293275	4.926743353
96	3.04625238	3.224686034	3.278157277	3.376735169	3.454772842	3.532908701	3.612967997	3.693207513	3.787316198	3.878302613	3.95031074	4.020736316	4.106350679	4.15903082	4.233082535	4.298876931	4.368866054	4.441772714	4.51899604	4.661005681	4.950044557	5.123832829	5.262327898	5.399829828	5.546147695	5.687678874	5.83495936	5.978942774	6.136896769	6.303901839	6.457066375	6.590841063	6.713809047	6.836726755	6.960661892	7.088185528	7.218741885	7.351332687	7.482327631	7.62115245	7.762728757	7.907352096	8.056308209	8.211470968	8.376969693	8.543158816	8.710069748	8.881360846	9.050401711
97	54.07359118	54.37950169	54.7533266	55.11047722	55.43981588	55.71599251	55.95460262	56.15448489	56.32231525	56.43214007	56.50983355	56.54668971	56.56340676	56.57305227	56.5928003	56.59262446	56.60324547	56.62561346	56.67260303	56.71598937	56.77300512	56.80028132	56.82913923	56.8396923	56.84594232	56.85612866	56.88790771	56.90647727	56.91928219	56.93887216	56.9814741	57.10239955	57.41557137	57.84322375	58.18865706	58.42669862	58.78310306	59.24222586	59.57414936	59.82788919	60.06370821	60.33852526	60.64960995	60.79147943	60.73363412	60.63248483	60.54260339	60.45389306	60.37394963
98	1.904100298	1.934883054	1.966793502	1.998103517	2.027916166	2.055177273	2.081089414	2.106178571	2.133152985	2.162906969	2.197210963	2.2342616	2.272173931	2.305907733	2.335565087	2.357918076	2.37482108	2.389534125	2.403050154	2.4200835	2.439326344	2.461090881	2.484811905	2.509328923	2.53371463	2.559290257	2.583698097	2.608710505	2.632805082	2.654666486	2.674943324	2.6927872	2.709130698	2.724980606	2.740311301	2.753913013	2.767992699	2.781621194	2.796091045	2.810308569	2.825962689	2.841937081	2.858543151	2.87441653	2.890557611	2.906483794	2.920863675	2.9351555	-999
99	104.9760246	106.4132664	108.8969327	110.400818	111.7714357	113.0187198	114.1387559	115.1743963	116.142269	117.0651004	117.9097021	118.7223451	119.5279489	120.3034771	121.0500025	121.6526565	122.2395727	122.7373077	123.2050119	123.6056345	124.1043873	124.5715924	124.9348492	125.1132715	125.4323014	125.7056655	126.0069832	126.3422988	126.5819164	126.8353038	127.1258514	127.4052675	127.6374835	127.7399463	127.7612748	127.8441327	127.9782152	128.0501789	128.0373875	128.0413178	127.8329896	127.5584609	127.3310151	127.2676824	127.1098314	126.9301086	126.7025791	126.4438761	126.1420556
100	1.809207497	1.884784191	1.94786086	2.008031833	2.066306436	2.123007235	2.179145639	2.238497006	2.303322473	2.378338114	2.464508903	2.563743151	2.671358282	2.783768384	2.900497478	3.014634468	3.131575911	3.256639179	3.39894369	3.565674699	3.760356589	3.9776638	4.20202341	4.41034587	4.589441852	4.73322817	4.848688033	4.943540058	5.032899592	5.12164696	5.216241941	5.318908345	5.434510847	5.57932814	5.766632302	5.992009898	6.25578848	6.556354781	6.892352647	7.262374952	7.661794106	8.090946206	8.520461861	8.921283804	9.268679032	9.549485149	9.778190056	9.954545691	-999
101	-999	-999	-999	-999	-999	-999	-999	-999	-999	-999	-999	-999	-999	-999	-999	-999	-999	-999	-999	16.34747364	16.45071822	16.43861157	16.32971024	16.09436255	15.81666524	15.5785755	15.33448376	15.07060721	14.92713988	14.88361507	14.85726969	14.85985846	14.9085543	15.01254394	15.14648451	15.30825502	15.48427064	15.67347948	16.09241788	16.32226502	16.55741221	16.79205364	17.03655932	17.28785986	17.54278835	17.794146	18.03758856	18.2759801	-999
102	11.71213768	12.13606452	12.59637011	13.0565037	13.57106667	14.07985816	14.66323944	15.20880586	15.78021154	16.3978694	17.04194841	17.77143231	18.46179803	19.13129614	19.88218615	20.61775494	21.41649407	22.12931276	22.9147379	23.67945494	24.57873611	25.29638389	26.16361881	26.9097449	27.81284466	28.57411927	29.40702439	30.19938991	31.09062162	31.96604527	32.79459259	33.8320198	34.71168639	35.57716402	36.68231373	37.702625	38.62775576	39.74074775	40.9008549	41.98419101	43.21166794	44.25198718	45.44841948	46.6264058	47.89657143	49.11488554	50.2312844	51.40680968	-999
104	14.81105842	15.20744919	15.59390154	15.95333901	16.27635349	16.55613489	16.79781907	17.01546493	17.23498492	17.47130522	17.73120306	18.0081565	18.29801737	18.59083921	18.87825798	19.15746126	19.43223574	19.7093931	19.99260746	20.29313824	20.61021607	20.93910493	21.2658681	21.57588218	21.86012254	22.11018511	22.33698584	22.53366679	22.72965885	22.92560026	23.1334325	23.3354625	23.54247296	23.73032061	23.90233312	24.05221056	24.18759824	24.31138584	24.43164174	24.54820667	24.66827687	24.79533425	24.93162264	25.06671853	25.19050615	25.29776274	25.42817792	25.53647333	-999
105	32.88326832	33.50814233	34.10018541	34.68471235	35.28289696	35.85501743	36.40971687	36.96580764	37.52891303	38.11825827	38.72061273	39.32329757	39.9079392	40.40502935	40.80964361	41.21263183	41.61769427	42.02845337	42.44515706	42.87142833	43.29542985	43.74819835	44.19381514	44.64036673	45.09162115	45.52485019	45.95289275	46.28783771	46.61717456	47.00663964	47.37171547	47.64397016	47.89178985	48.08508848	48.18615677	48.43778247	48.68588476	49.0561438	49.306634	49.55614401	49.93566371	50.20206988	50.4302132	50.74662518	51.0164876	51.21802582	51.36401019	51.60803178	51.83585529
106	0.798996696	0.852001655	0.905983939	0.961994914	1.021985971	1.085998877	1.153964744	1.224027549	1.296008723	1.369020113	1.439009821	1.508022218	1.576967117	1.652033834	1.734998716	1.831968402	1.939035995	2.034975446	2.09296937	2.094962608	2.030988682	1.912040836	1.772983865	1.659023034	1.606038036	1.626976078	1.710037973	1.831020821	1.951968208	2.044975878	2.103038755	2.136980308	2.162017155	2.200025159	2.270019037	2.373964413	2.504043809	2.655981525	2.820961158	2.991996238	3.168022499	3.348999715	3.526031041	3.69096132	3.836053463	3.957059616	4.055997881	4.137091517	-999
107	-999	-999	-999	-999	-999	-999	-999	-999	-999	-999	-999	-999	-999	-999	-999	-999	-999	-999	-999	4.390882137	4.464017486	4.51500781	4.51762131	4.514129078	4.558834356	4.629560302	4.694446087	4.770567973	4.842457023	4.895674367	4.943278581	4.992433087	5.043671141	5.105384843	5.165681098	5.216183957	5.268001767	5.319854214	5.380886964	5.446670875	5.513287462	5.605927315	5.721796588	5.834792636	5.95552583	6.079780423	6.196048353	6.314337545	-999
108	-999	-999	-999	-999	-999	-999	-999	-999	-999	-999	-999	-999	-999	-999	-999	-999	-999	-999	-999	-999	-999	-999	-999	-999	-999	-999	-999	-999	-999	5.31291411	5.39841573	5.486918478	5.566121693	5.674352041	5.764845771	5.852665354	5.941443609	6.055559105	6.141746439	6.250937984	6.346460199	6.443252381	6.542119608	6.637498106	6.742283961	6.845171103	6.953847861	7.062087525	-999
109	-999	-999	-999	-999	-999	-999	-999	-999	-999	-999	-999	-999	-999	-999	-999	-999	-999	-999	-999	2.663839694	2.650864078	2.61491966	2.564213802	2.520978882	2.484660899	2.456835541	2.433093615	2.410038727	2.391147467	2.368001385	2.337830645	2.309936462	2.288280503	2.26312829	2.238809805	2.21903675	2.20123486	2.177836488	2.141864978	2.09684755	2.058976718	2.034184356	2.012795282	1.993987841	1.976785446	1.958804667	1.941192677	1.92587731	1.912956489
110	2.354361254	2.418503154	2.48153108	2.537445053	2.576429152	2.596473528	2.601737733	2.596632662	2.591423283	2.588707782	2.593600737	2.60649415	2.622303382	2.638470503	2.651984763	2.660754333	2.667519366	2.685556428	2.725791399	2.803394001	2.922154752	3.076648082	3.246402947	3.40251224	3.527592246	3.610588633	3.657679272	3.694338203	3.748148007	3.842861248	3.991298241	4.182121379	4.388587279	4.568790183	4.699190815	4.759614458	4.766849683	4.76531602	4.812514541	4.953506634	5.201981259	5.538920126	5.914165953	6.262298416	6.533744692	6.7107301	6.811162408	6.849170132	-999
113	2.22807485	2.327201894	2.431261765	2.536843621	2.645088469	2.754607463	2.866031409	2.978728636	3.096751747	3.2190097	3.348251889	3.480106462	3.614755634	3.747149077	3.873758753	3.994878022	4.109722262	4.219737746	4.329160388	4.436707811	4.543728319	4.650847027	4.755068327	4.854819585	4.948749812	5.036097894	5.117912676	5.196777239	5.275899648	5.35770662	5.442989622	5.53130439	5.620925264	5.710107027	5.79902422	5.886665545	5.975126821	6.059226515	6.134368015	6.197834705	6.247068615	6.285966563	6.320206229	6.362250376	6.418245002	6.491827632	6.581244474	6.678866257	-999
115	-999	-999	-999	-999	-999	-999	-999	-999	-999	-999	-999	-999	-999	-999	-999	-999	-999	-999	-999	3.696944113	3.703093099	3.699000385	3.681996407	3.657080588	3.628905186	3.602049185	3.575293513	3.548833664	3.523817293	3.500596918	3.470693167	3.442912126	3.41495192	3.377120327	3.322817356	3.27020769	3.230770504	3.198261222	3.163433167	3.097262324	3.028190751	2.988165069	2.958313283	2.931590922	2.904810848	2.868197705	2.827945655	2.801935581	2.792994432
116	0.342003405	0.346996405	0.351002374	0.355003215	0.359001494	0.361004155	0.361994999	0.361997214	0.36299625	0.364003391	0.364998406	0.365997407	0.366006734	0.365994063	0.366994922	0.368003269	0.371004172	0.373998674	0.378005826	0.381998542	0.386995592	0.391996732	0.398006496	0.40399953	0.409995813	0.41400284	0.419994669	0.424990929	0.431011332	0.436989109	0.442006714	0.447001573	0.452008946	0.459004659	0.465994932	0.472996987	0.480998337	0.488999908	0.497996148	0.508011957	0.5190077	0.531994892	0.54498791	0.5580155	0.568997157	0.584007556	0.596994948	0.609002926	0.6219844
117	-999	-999	-999	-999	-999	-999	-999	-999	-999	-999	-999	-999	-999	-999	-999	-999	-999	-999	-999	1.996115939	1.992807701	1.989112199	1.98384822	1.982156658	1.983212989	1.988807219	2.000022991	2.01196748	2.024058582	2.034887058	2.043028275	2.04903882	2.052795164	2.056967012	2.059896512	2.063188889	2.064927261	2.066878822	2.069123631	2.071121733	2.072195243	2.07377783	2.076050753	2.077943001	2.079180414	2.080691225	2.081804153	2.082977464	-999
120	11.06205704	11.31936298	11.59785663	11.86877882	12.16592123	12.46724859	12.78742659	13.12520243	13.46329164	13.79618452	14.13032869	14.46919826	14.81717103	15.19214112	15.5974436	16.04337004	16.52415818	17.0260463	17.53203519	18.03077972	18.51836083	19.0024923	19.48241691	19.97686015	20.48647207	21.01636223	21.5633566	22.1173986	22.66005775	23.192692	23.70977638	24.205823	24.70100558	25.19293795	25.69118612	26.20316599	26.7191286	27.23766781	27.73308591	28.2069382	28.64927439	29.06958046	29.46934886	29.86778703	30.26935596	30.68580454	31.1050611	31.52738186	-999
123	0.302995837	0.301967189	0.302054753	0.301944676	0.303933271	0.306031005	0.306999607	0.309962825	0.313022807	0.317016933	0.318958062	0.325995209	0.331000682	0.331024196	0.335964607	0.342003283	0.34400858	0.347003895	0.351021496	0.354025237	0.36400494	0.36801001	0.371004098	0.375011818	0.376996355	0.379980056	0.383004342	0.38496952	0.388024803	0.390027478	0.392972687	0.395972161	0.399023868	0.400990122	0.403989676	0.404982706	0.407010659	0.409004363	0.412008061	0.415017047	0.415984122	0.420010074	0.425991898	0.434979989	0.444960948	0.455046253	0.468064506	0.484042853	-999
127	0.838044872	0.850868035	0.865319261	0.878615044	0.891139241	0.906191095	0.921027778	0.933680062	0.949773083	0.966804054	0.979255499	0.993809346	1.002565289	1.011613105	1.020898164	1.027818059	1.036292683	1.042912037	1.050838342	1.059229299	1.069781197	1.083820639	1.097145631	1.113380147	1.121806941	1.134309909	1.147839576	1.160357513	1.174989311	1.186857491	1.196071329	1.205079797	1.212960724	1.22092067	1.227924959	1.233837192	1.240027757	1.24390958	1.247108561	1.249878498	1.251895769	1.256000674	1.258829871	1.261068327	1.263124043	1.263168701	1.265150909	1.265116279	-999
129	53.44817104	55.24119149	57.07463367	58.92662517	60.80352553	62.63808844	64.5081041	66.35260936	68.23439792	70.40738266	72.07431582	73.74001697	75.41635411	77.0986854	78.78269781	80.41473215	82.06270691	83.72347741	85.38729097	87.07439275	88.64232378	90.14619066	91.5959397	93.06402948	94.49771002	95.87378861	97.20797743	98.48082236	99.70315257	100.9075812	102.1241637	103.4324442	104.7134282	105.9512705	107.0018513	108.2577213	109.6027036	111.1069808	112.6639094	114.1088953	115.5010934	116.8802534	118.2294257	119.5496809	120.8459956	122.1061519	123.3725967	124.5701122	125.7737
130	-999	-999	-999	-999	-999	-999	-999	-999	-999	-999	-999	-999	-999	-999	-999	-999	-999	-999	-999	3.695934512	3.704188978	3.705723861	3.700697781	3.690482362	3.675214462	3.668544736	3.653956436	3.652647033	3.647411134	3.639666481	3.630690186	3.622876171	3.613559827	3.604291005	3.594335481	3.585099666	3.576943723	3.569420951	3.56560381	3.561878978	3.560517536	3.560819149	3.559173567	3.555309956	3.554652908	3.551675725	3.549119755	3.546524276	-999
132	-999	-999	-999	-999	-999	-999	-999	-999	-999	-999	-999	-999	-999	-999	1.921893137	1.976063225	2.033144701	2.090126615	2.141087004	2.183868855	2.217856409	2.242841534	2.263090318	2.280168144	2.298026718	2.316754151	2.335983191	2.356144835	2.376024404	2.397000535	2.420212662	2.44291123	2.469029624	2.496251576	2.52585146	2.55882569	2.593801688	2.631796641	2.67404207	2.720187187	2.769911597	2.825104624	2.881773873	2.939952311	2.998012609	3.055934228	3.114054927	3.169851335	-999
134	16.36405224	16.69875289	17.03424335	17.40218547	17.79449908	18.20236364	18.60576038	19.05877335	19.52211713	19.98065401	20.47273708	20.98149711	21.48353511	22.01634507	22.50712448	22.99044033	23.44545492	23.89208245	24.3623463	24.81796843	25.25121691	25.70733798	26.1684307	26.59419787	26.99154658	27.37671246	27.76011364	28.11080306	28.45963503	28.80168811	29.1348362	29.45054947	29.79016667	30.12177284	30.44710248	30.79441261	31.16039488	31.5401198	31.91929734	32.33232195	32.78535401	33.25141884	33.71678403	34.1985131	34.67165435	35.13246696	35.58626255	36.02130948	-999
135	9.224974843	9.452800712	9.658477352	9.904266667	10.15369231	10.46096552	10.73397209	11.06254444	11.34623952	11.65835323	11.89459649	12.16005229	12.47357246	12.66260345	12.7470678	12.79241739	12.78472174	12.77993103	12.79864912	12.91465476	13.28429412	13.73603797	14.38666292	14.89390278	15.51656757	16.00666176	16.41505479	16.74975362	17.36804545	17.80704054	18.12243056	18.82742466	19.35951163	19.89603529	20.47187838	21.08424675	21.68303297	22.18714773	22.8242268	23.53952475	24.13997436	24.97581905	25.47644828	26.24622973	27.04777419	27.78595604	28.59371892	29.544625	-999
136	27.85462963	28.53298052	29.17660169	29.81955556	30.68334375	31.29413433	32.03014286	32.65969014	33.55798592	34.27201351	35.06467133	35.76514583	36.61827206	37.29053741	37.97933113	38.58966242	39.26284348	39.99069159	40.58153398	41.20267368	41.68398913	42.60047917	43.06650926	43.30683333	43.96805229	44.407575	45.1236859	45.67972941	46.09048925	46.64364824	47.12675862	47.82359763	48.16559155	48.63969118	48.96342523	49.31507107	49.59351961	50.05440789	50.09713194	50.68233974	50.95889308	51.33008969	51.83949606	52.32807911	52.73115819	53.04333503	53.34196316	53.70578705	-999
137	-999	-999	-999	-999	-999	-999	-999	-999	-999	-999	-999	-999	-999	-999	-999	-999	-999	-999	-999	-999	1.476727873	1.516909091	1.554485714	1.591601167	1.628461892	1.662636992	1.698388985	1.731812876	1.763778966	1.795100739	1.823334322	1.852597041	1.878784411	1.90827506	1.938206447	1.970984448	2.00740613	2.043677732	2.080455045	2.118326558	2.157584011	2.195011273	2.233457778	2.273326923	2.315216953	2.358098109	2.403425455	2.448312106	-999
139	12.6776	12.36290476	12.72029032	13.35421429	13.27725	13.56938889	13.75	14.1193	14.63719355	14.84091429	15.32844828	15.86496875	16.12442222	16.53629167	16.70472727	17.19432558	17.79554762	18.04419512	18.66135484	19.04655319	19.42908621	19.95461404	20.61169841	20.99092208	21.50182927	22.09646988	22.58458065	22.94335417	23.48965625	24.03193023	24.27664493	24.72987037	25.03918966	25.44089623	25.83362185	26.05069792	26.30755102	26.687	26.96697638	26.94016993	27.02420859	27.02053804	26.87397283	26.91927602	26.98690521	27.25551603	27.62400542	28.10689447	-999
140	13.1927173	13.32905088	13.43682974	13.54225664	13.65924956	13.77211724	13.85491818	13.93744294	14.03288977	14.14702821	14.24538918	14.31049565	14.36764905	14.42220774	14.48725249	14.56567895	14.66303349	14.75885121	14.84572531	14.94637564	15.06632834	15.18060505	15.28905367	15.3796753	15.45858439	15.52993491	15.61097224	15.70759367	15.81239308	15.926027	16.04607166	16.14936062	16.22448954	16.28177075	16.31975641	16.34584942	16.38204212	16.44611585	16.52954471	16.61435522	16.69252634	16.75433742	16.80323299	16.8643797	16.93941592	17.02954504	17.13030801	17.2323173	17.34528155
141	0.16100061	0.163999849	0.165000338	0.167000307	0.169000365	0.169999467	0.171001308	0.171001217	0.170998808	0.172998724	0.173999199	0.176998107	0.179001232	0.180998025	0.183001628	0.184000557	0.186002206	0.186995403	0.187994274	0.189002979	0.189993677	0.191996845	0.194006092	0.197002399	0.198997355	0.200993731	0.204001939	0.205998029	0.207996072	0.210001532	0.212000862	0.213998932	0.215997851	0.217997924	0.220001583	0.22200034	0.223997372	0.224996053	0.226997129	0.229000209	0.228996174	0.151998	0.153998707	0.155998684	0.157999221	0.160000106	0.159998532	0.159995515	-999
143	2.864178829	2.912933722	2.970930961	3.031856172	3.087127208	3.115857388	3.128066511	3.128816386	3.13806714	3.144222137	3.157111284	3.183258471	3.225712679	3.257729505	3.2719081	3.282022573	3.310145008	3.318102748	3.3368157	3.373034739	3.505876231	3.541935426	3.584772386	3.634151042	3.690775795	3.746885843	3.791912344	3.822145108	3.842748118	3.864900829	3.900110693	3.970155088	4.045033854	4.10082564	4.148156701	4.197244088	4.234947553	4.270839514	4.318020878	4.362888504	4.393252495	4.418101457	4.457717628	4.527284507	4.61118049	4.702678157	4.787112745	4.862772068	4.93682919
144	2.482693333	2.557358459	2.640348101	2.722691852	2.807183333	2.895381471	2.984304	3.076844648	3.171279352	3.263143376	3.357408929	3.457514815	3.549961957	3.639621951	3.732064182	3.820005376	3.909227513	3.996617464	4.084773438	4.170566893	4.263077465	4.363136082	4.463987179	4.557577143	4.655022222	4.745793226	4.82910473	4.909479532	4.988702941	5.067384835	5.143038835	5.22127248	5.29147141	5.366888471	5.442587217	5.514053915	5.587518193	5.670336	5.748623626	5.8273297	5.903735874	5.982606999	6.060151645	6.146878082	6.226419676	6.30651358	6.388447073	6.466621728	-999
145	-999	-999	-999	-999	-999	-999	-999	-999	-999	-999	-999	-999	-999	-999	-999	-999	-999	-999	-999	-999	-999	-999	-999	-999	-999	-999	-999	-999	-999	11.42096491	11.75829091	12.27230909	12.74224138	13.09861017	13.6322963	14.03136538	14.61218182	15.31669091	15.94661194	16.37174699	17.0345679	17.77335238	18.54148958	19.31366667	19.93831633	20.76343617	21.56566316	22.43420792	-999
146	57.56653535	58.50109402	60.12252143	61.74541611	63.25394737	65.29455714	67.239324	69.36937627	71.43121017	73.49191594	75.36260106	77.34043478	79.43651202	81.52598396	83.64483947	85.83765439	88.07640395	90.44890582	92.86442297	95.13089153	97.57453116	100.0478864	102.7477301	105.1498793	107.8134441	110.7002523	113.3693753	116.1796223	119.2374061	122.2517486	125.2525089	128.7438658	131.8690756	135.3870652	138.9632826	142.6545889	146.3696166	150.4127528	154.2853776	158.4926992	162.8072328	167.164372	171.7313928	176.4197877	180.953614	185.8385541	191.06942	196.0023797	-999
149	3.903114203	3.933015693	3.96074339	3.984997542	4.006674928	4.025891025	4.043098403	4.05876832	4.072745722	4.085731173	4.099949614	4.114660183	4.128138339	4.140239055	4.15275114	4.167031552	4.187259147	4.20895963	4.2273286	4.240761309	4.261809688	4.286091476	4.311739867	4.337064011	4.359253158	4.380802518	4.405097611	4.430821437	4.461851235	4.491295294	4.514031293	4.537761971	4.565255272	4.592128758	4.622871365	4.66116062	4.70897661	4.767812154	4.829254974	4.888743646	4.953012315	5.01873665	5.080012928	5.136644364	5.189804069	5.235828915	5.277331702	5.311715254	5.348369439
150	0.749760234	0.775150442	0.807797222	0.842360225	0.881855922	0.927238174	0.977958955	1.033037433	1.091998844	1.154181211	1.22071665	1.289898773	1.36093536	1.43120339	1.497817699	1.560864228	1.61989448	1.677869367	1.740854564	1.812128923	1.893968981	1.982869507	2.072132411	2.147965648	2.203970297	2.236861893	2.250091278	2.25210112	2.255111154	2.268033433	2.294933094	2.334906975	2.385919607	2.446083674	2.510897796	2.581096878	2.656906978	2.751082478	2.876056748	3.040998071	3.250964679	3.4980789	3.764965767	4.026995028	4.267099092	4.478980011	4.665908856	4.828882741	-999
151	59.67145113	61.30344061	63.15856506	64.83416245	66.82823411	68.92458123	70.98444755	73.13913746	75.56575987	77.93533654	80.57085276	83.36956286	86.29016901	89.12992992	92.16855051	95.30797772	98.25296304	101.4795342	104.5877014	107.6423212	110.7496744	113.8443571	117.0785807	120.3929356	123.8261391	127.2740944	131.0031667	134.8441963	138.706193	142.3605596	145.8732508	149.4786107	153.1850076	156.7588512	160.3482259	163.9225599	167.7101082	171.5845382	175.4958858	179.4008681	183.2679453	187.3523711	191.2096739	195.4307925	199.3234749	203.7411716	207.9596701	212.1156732	-999
153	1.562883721	1.607579456	1.653022663	1.698954934	1.744595493	1.790728431	1.837628366	1.884520779	1.931520202	1.977574728	2.026097992	2.07414916	2.122642276	2.170790123	2.218080699	2.268367162	2.318842065	2.368946482	2.420037827	2.47195757	2.523489469	2.576890431	2.629391852	2.68338478	2.740563295	2.795652674	2.853915132	2.911684636	2.971223067	3.029670807	3.089288947	3.149514215	3.209688045	3.269205177	3.329354582	3.39262488	3.454192854	3.516560257	3.578962584	3.64298094	3.705491633	3.771527416	3.834528108	3.901210546	3.968648932	4.037388436	4.107854832	4.17760351	-999
155	2.538422222	2.596279835	2.663268939	2.719057143	2.791837302	2.866055147	2.934034121	3.014397849	3.095554023	3.184513002	3.2716425	3.371971722	3.469755556	3.57031202	3.676780362	3.781981959	3.892669082	4.001086768	4.113716854	4.222820569	4.331873563	4.446394477	4.558566434	4.666978723	4.773823529	4.891333333	4.998423729	5.107487929	5.216281088	5.318742301	5.428736089	5.530828968	5.634288316	5.728070015	5.826619128	5.909414754	5.998245586	6.079741538	6.166508271	6.247658409	6.333542929	6.422140604	6.50706402	6.599420147	6.686293333	6.775958167	6.865191928	6.953531897	-999
156	13.83998921	14.22225577	14.6156259	15.0136	15.41874979	15.83730368	16.25214477	16.67719619	17.11072727	17.54303095	17.99191194	18.43289676	18.8697707	19.31587435	19.77209529	20.22104707	20.69465545	21.159399	21.62143449	22.06388594	22.52855286	22.96675445	23.40082477	23.83941531	24.30723462	24.76389971	25.2109494	25.65268592	26.07412621	26.45552605	26.80309361	27.09701911	27.3660209	27.63524688	27.85300389	28.08802605	28.34500733	28.55602676	28.79279405	29.03145143	29.26447557	29.51341165	29.76443676	30.08805941	30.48017415	30.93461648	31.45050632	31.9981899	-999
157	36.83052786	37.94185253	39.02044648	40.12428399	41.3142613	42.42681022	43.60969448	44.84653856	46.09212929	47.34584761	48.64495584	50.02112862	51.39800464	52.83582321	54.30143043	55.73254115	57.25071821	58.8193395	60.38530807	61.87192846	63.50320068	65.01464172	66.57511044	68.14601439	69.82624024	71.36353961	73.0655418	74.66059677	76.3360182	77.95297254	79.66866197	81.32110341	83.06718412	84.66642377	86.35465217	87.86514879	89.40627202	90.90606513	92.45519276	93.94445554	95.52269656	97.22887908	98.84209702	100.5401576	102.1545693	103.6601481	105.1435528	106.6500743	-999
159	32.80017452	33.06951639	33.37143455	33.69025153	34.02268899	34.36199791	34.69766306	35.00859834	35.2562067	35.57703404	35.90034739	36.22629872	36.57027549	36.91374097	37.20206385	37.45648368	37.66516292	37.8604906	37.93546524	38.03216757	38.10796764	38.17292169	38.22122784	38.25323978	38.27509909	38.28703531	38.29193064	38.28264132	38.27099115	38.25513567	38.25073363	38.23200014	38.19282671	38.18129143	38.16322362	38.13320547	38.11531695	38.11416694	38.48322855	38.51851096	38.52451906	38.53377239	38.4998919	38.48662776	38.45326714	38.42875623	38.42022023	38.41533597	38.39188462
160	8.726889024	8.712572455	8.719190092	8.84056622	9.180809572	9.44719873	9.547825356	9.651208109	9.754437611	9.860148609	9.946794482	10.0077716	10.05034759	10.08491905	10.10769286	10.10817693	10.09012977	10.06671678	10.0319792	9.995408072	9.966361342	9.963020091	9.973729337	9.997923671	10.02571641	10.06312336	10.10895711	10.16074024	10.21712356	10.29032088	10.36363808	10.41967522	10.45902885	10.48426227	10.50227511	10.52290567	10.54257237	10.55804117	10.56880804	10.57388506	10.55753444	10.51584343	10.45689792	10.40190748	10.35773538	10.32683041	10.30008435	10.28413322	10.27506125
162	0.118996919	0.131002281	0.142000246	0.154001489	0.163999434	0.173996098	0.181995908	0.191995591	0.205000594	0.224001315	0.248001579	0.276999279	0.308995248	0.34100336	0.37099382	0.397995705	0.422007544	0.443998857	0.461998452	0.475993223	0.487003369	0.49499774	0.500996128	0.507004926	0.513005151	0.522993653	0.53499696	0.551998054	0.570006621	0.592006405	0.614992503	0.641002245	0.682003231	0.75299639	0.865000052	1.022996197	1.217998727	1.436985514	1.654982844	1.85599144	2.036024081	2.196032217	2.336980471	2.459025344	2.566020228	2.654014163	2.725026624	2.781960475	-999
164	20.46246734	20.65682964	20.83516637	21.02964841	21.29340239	21.55122491	21.75468832	21.95029607	22.08933749	22.24343504	22.41619104	22.51496402	22.58958893	22.65606477	22.75550605	22.85785892	22.94991932	23.05899179	23.1609878	23.20162284	23.00015469	22.79389111	22.76083247	22.7279828	22.68283468	22.61714385	22.5528364	22.50445556	22.47231299	22.44196382	22.1324599	21.73220335	21.57367519	21.4510595	21.31936778	21.19345262	20.88197785	20.53921651	20.36589085	20.24531915	20.14935734	20.0557685	19.98624481	19.90889299	19.81725641	19.69931507	19.58737133	19.47519184	-999
165	-999	-999	-999	-999	-999	-999	-999	-999	-999	-999	-999	-999	-999	-999	-999	-999	-999	-999	-999	148.2887642	148.6222099	148.69455	148.52247	148.3358391	148.3710767	148.1653364	147.9134096	147.673297	147.2130029	146.6037871	145.9780219	145.306407	144.6452119	144.0659719	143.5251463	143.0554158	142.8049582	142.7373078	142.7830628	142.8517672	142.9615054	143.1961656	143.5071511	143.8136188	144.0941152	144.3437743	144.5012577	144.4719576	-999
170	6.101384023	6.393037267	6.712280474	7.054857542	7.419734761	7.803049096	8.207595329	8.646986747	9.137610622	9.690774486	10.31242369	10.98891229	11.70072089	12.41849402	13.11828552	13.79457003	14.44544081	15.06950419	15.66560134	16.23484841	16.7721964	17.28350162	17.76252633	18.21331952	18.63967127	19.03366913	19.40729906	19.78289507	20.19526746	20.66378633	21.20373563	21.80533009	22.45715953	23.13317573	23.81656505	24.49759559	25.18437894	25.88891604	26.62972609	27.42029732	28.26829164	29.1544452	30.0524528	30.91689541	31.71742372	32.44333415	33.09988788	33.70048495	-999
171	4.388963899	4.515707581	4.659216216	4.802630719	4.936371166	5.064202417	5.180159544	5.310060241	5.443270195	5.575478142	5.737232092	5.90803681	6.094038339	6.276867692	6.477734756	6.675343137	6.873401993	7.076370504	7.295357895	7.538477032	7.768186131	7.980415808	8.23452	8.46076	8.696592982	8.92567354	9.134063694	9.360457478	9.55866129	9.809183844	10.04109948	10.2798084	10.55312188	10.8002871	11.09401199	11.37787436	11.69273474	11.9972069	12.32644725	12.66406729	13.02346847	13.41612322	13.77475402	14.16987686	14.58650584	14.98676243	15.4194099	15.84240784	-999
172	-999	-999	-999	-999	-999	-999	-999	-999	-999	-999	-999	-999	-999	-999	-999	-999	-999	-999	-999	-999	-999	-999	-999	-999	-999	-999	-999	-999	-999	-999	-999	-999	-999	-999	0.614026953	0.614924944	0.615910478	0.617024971	0.617921146	0.618971976	0.619967482	0.620930226	0.62100986	0.621929633	0.62207465	0.622017663	0.622046967	0.62198468	-999
175	2.112695607	2.151972586	2.192762959	2.229810063	2.263270314	2.293003017	2.325051622	2.353958951	2.384012792	2.414181385	2.533015163	2.646041934	2.680780734	2.731944667	2.735959301	2.733032808	2.775158937	2.845825101	2.93097846	3.046908708	3.134953194	3.230905678	3.312956761	3.419045283	3.524841399	3.671029829	3.796044862	3.926977634	3.959164013	4.028074598	4.138159594	4.175853661	4.114922894	4.166886622	4.26605237	4.401088918	4.588999041	4.83924534	4.988023507	5.077042854	5.18375359	5.312131793	5.399287435	5.469897146	5.534794404	5.607056487	5.612263756	5.638902488	-999
176	4.556907023	4.595795205	4.641135138	4.689168665	4.737999451	4.787912767	4.839000959	4.889013224	4.93803928	4.979181396	5.015022572	5.054082767	5.090979038	5.126041522	5.161083563	5.193112127	5.222063641	5.249899642	5.27504267	5.297877827	5.283023253	5.306773934	5.324837761	5.346722961	5.36312674	5.374082167	5.38330274	5.391108009	5.395741003	5.400824572	5.379790671	5.379062536	5.378813084	5.381698915	5.38705407	5.390700946	5.396804414	5.405733862	5.417671374	5.429916601	5.397559225	5.405826155	5.413044959	5.419113691	5.421601731	5.431245453	5.437544227	5.446043044	5.452684543
177	-999	-999	-999	-999	-999	-999	-999	-999	-999	-999	-999	-999	-999	-999	-999	1.980867234	1.989917325	2.000023289	1.998956816	1.998044307	1.998960295	1.995916573	1.990921369	1.989066336	1.988956442	1.990078778	1.985977651	1.981949275	1.984004532	1.989093856	1.99210687	1.995124884	1.996018938	1.996968803	2.000914486	2.008045374	2.019056652	2.021942706	2.042124882	2.048939515	2.052866667	2.05709539	2.059999855	2.062131426	2.063014661	2.064998936	2.066117665	2.072014279	2.089152373
180	22.66503881	23.28071102	23.91297762	24.55218627	25.19535199	25.83614977	26.47977687	27.13989533	27.82652485	28.5572709	29.3319011	30.15092911	30.99386619	31.84030212	32.67664048	33.49675321	34.29772122	35.10195264	35.92978353	36.80074585	37.72154709	38.67153113	39.63437882	40.56181317	41.43778497	42.24327609	42.98495218	43.68442564	44.33875315	44.97067842	45.57098963	46.15048531	46.71600738	47.29182737	47.87852598	48.49170283	49.12041518	49.77814465	50.47996239	51.21687692	52.00298586	52.83266446	53.69076994	54.54690215	55.38594429	56.20241614	57.00332409	57.77953989	-999
182	34.61845698	34.93717775	35.25055058	35.59064906	35.96654535	36.38764522	36.8306342	37.24370181	37.57749774	37.98778748	38.21648574	38.42396105	38.6076933	38.76277922	38.90803261	39.02718156	39.12204129	39.203768	39.27898913	39.34509786	39.41546197	39.50330865	39.5902946	39.66228793	39.7158465	39.88739213	40.04977619	40.21325995	40.37186582	40.55675062	40.76595789	41.424857	42.19432013	42.86083058	43.66214536	44.36143892	45.2353864	45.98101544	46.36979241	46.56257818	46.7396799	46.76208257	46.59427898	46.45921241	46.40629977	46.4540567	46.5349793	46.73129647	47.10251379
183	12.76802315	12.99219923	13.23552809	13.49068692	13.73608854	13.99004167	14.24079412	14.5124	14.79731837	15.03567635	15.2824065	15.51720956	15.70886572	15.97338912	16.20942791	16.42914354	16.65966807	16.89012108	17.08149048	17.34060377	17.53502294	17.74810108	17.90621561	18.09251678	18.24144816	18.38649309	18.48922558	18.55152584	18.65282377	18.79051429	18.91522364	19.05987326	19.21104341	19.3915748	19.55169343	19.69926756	19.84242178	19.97233114	20.11508174	20.27575163	20.4077121	20.41645489	20.56986078	20.78835099	20.97941658	21.19529615	21.44848701	21.66760463	-999
189	14.22168584	14.62824034	15.10542193	15.58217883	16.06362	16.600375	17.14312626	17.81034682	18.38500585	19.00698964	19.67225275	20.35085083	21.09646629	21.77785621	22.48812429	23.04446471	23.63674016	24.33858333	25.01908861	25.58274396	26.2974	26.99667073	27.59678571	28.36766049	29.31005442	29.9579781	30.75398788	31.67661644	32.63516026	33.45209146	34.38512571	35.36377725	36.39282857	37.43949107	38.47906202	39.60807051	40.66	41.78713623	42.96647522	44.0895102	45.24211783	36.20566319	37.05866949	38.00617663	38.86200713	39.85068842	40.8348413	41.80068161	-999
190	-999	-999	-999	-999	-999	-999	-999	-999	-999	-999	-999	-999	-999	-999	-999	-999	-999	-999	-999	-999	-999	-999	-999	-999	-999	-999	-999	-999	-999	0.471009397	0.477039015	0.48207184	0.487959531	0.49401701	0.498965123	0.50499193	0.511013289	0.517074168	0.523014657	0.528981011	0.534948276	0.540993004	0.547053763	0.552995947	0.558972637	0.564992225	0.569924238	0.576071998	-999
192	8.097853829	8.122339824	8.13733012	8.160665956	8.191672298	8.221814708	8.25082703	8.274731335	8.294278733	8.310048983	8.319611286	8.324538059	8.329250644	8.336965906	8.350373856	8.370040548	8.397629233	8.43587132	8.49356782	8.558310764	8.617217137	8.667952655	8.719571833	8.780384545	8.827111318	8.840447387	8.845735461	8.850976802	8.858247001	8.871922355	8.895227399	8.92448714	8.95765063	8.99403903	9.030505172	9.080429009	9.148485018	9.219858261	9.299698771	9.378270687	9.449088087	9.518163585	9.59913536	9.695445216	9.798455255	9.922244338	10.05885995	10.17537883	10.27912249
193	6.342700945	6.40141492	6.440792029	6.459796678	6.404154208	6.333150689	6.316153709	6.333296858	6.351117318	6.38512685	6.429263753	6.467149732	6.481939449	6.504823996	6.533113857	6.573177287	6.619150347	6.672240629	6.722583787	6.795453135	6.879862621	6.942914955	6.989571092	7.036849644	7.100100377	7.132116574	7.152523992	7.177291702	7.215012439	7.253588113	7.287432074	7.341334619	7.393508132	7.44262438	7.487442743	7.533460024	7.601501825	7.69173162	7.779133743	7.838496013	7.912006246	7.997664241	8.088593902	8.189691625	8.28128917	8.372997345	8.452697088	8.513649344	8.578970713
194	6.571535671	6.803104497	7.033857347	7.283342023	7.536972628	7.79283557	8.061258013	8.334506568	8.628321475	8.93346087	9.252477652	9.591425434	9.939775407	10.29128011	10.64641526	11.00677335	11.36205012	11.71750815	12.07813786	12.44513711	12.81761188	13.18900093	13.56555278	13.94811053	14.34696452	14.75462516	15.1748756	15.59865129	16.01104947	16.41333777	16.77012931	17.0880279	17.41442932	17.83139404	18.36064286	19.05685681	19.87857422	20.66674015	21.2051878	21.36162962	21.08135793	20.441	19.58156781	18.71849482	17.99957544	17.45479143	17.06396367	16.90889567	-999
195	-999	-999	-999	-999	-999	-999	-999	-999	-999	-999	-999	-999	-999	-999	-999	-999	-999	-999	-999	5.284494964	5.401839087	5.503258633	5.590348552	5.681471954	5.760222482	5.846147757	5.942314286	6.032562363	6.125670702	6.218634286	6.315907463	6.434987654	6.54320625	6.655409574	6.783893064	6.925326087	7.062972789	7.207909535	7.355971338	7.525833333	7.70133758	7.880583106	8.061975871	8.257889117	8.457419679	8.657877193	8.88093769	9.098554217	-999
196	14.0302	14.38261404	14.93332143	15.34713265	15.96722727	16.40869048	16.93937805	17.48928235	17.9346	18.6276125	19.10345455	19.83273529	20.42749254	21.04089394	21.51847059	22.37144928	22.95616418	23.65932836	24.2734697	25.31072727	26.1021746	26.86145902	27.79077049	28.73404839	29.66721429	30.49658242	31.37039286	32.12274324	32.52720896	33.4565641	34.57365	35.44186517	36.14583516	37.42336066	38.48626316	39.67115827	40.60450769	41.89091473	43.14919167	44.27608088	45.53758491	46.98619048	48.49731863	49.90556995	51.59095074	53.1690989	54.70705946	56.19640761	-999
197	37.95090888	39.04728846	40.1496686	41.21337525	42.303092	43.37121223	44.43090033	45.39808169	46.37502168	47.39279775	48.30715579	49.25641772	50.20776488	51.07333468	52.05268688	52.96498291	53.93277346	54.90897019	55.75207582	56.56225734	57.22374952	57.81427739	58.32902583	58.87542231	59.47236719	60.12903291	60.83626417	61.58822016	62.30765585	62.95390575	63.54007466	64.07031808	64.54527259	64.99330215	65.42607974	65.82113414	66.17570711	66.53658967	66.86321717	67.19267669	67.51308037	67.8417473	68.14182071	68.43299383	68.72201886	68.97454327	69.20973347	69.42123848	-999
199	2.187770701	2.24618125	2.308401515	2.353155172	2.404287879	2.466669725	2.513360294	2.568488722	2.647538462	2.714414815	2.802584615	2.906503356	3.026131313	3.151777778	3.260483516	3.37093007	3.465516556	3.571042254	3.667042857	3.784151316	3.854492647	3.947526316	4.017301587	4.11965035	4.229175182	4.355087558	4.500088435	4.638303371	4.77058952	4.916414508	5.073142857	5.196365854	5.318843902	5.476632979	5.600023256	5.760928571	5.911966887	6.090422222	6.252645604	6.42795356	6.599	6.769858333	6.961967213	7.117598765	7.320217391	7.497984848	7.697944785	7.883830601	-999
202	0.956009793	0.967938097	0.982070352	0.996050815	1.011089503	1.025078505	1.038944726	1.05404142	1.068962428	1.085011242	1.101951675	1.119992024	1.137998457	1.155064649	1.170046246	1.183049038	1.194945896	1.204078422	1.21302859	1.221010663	1.229078218	1.2370209	1.243939624	1.249951628	1.253993241	1.2579396	1.260078274	1.261997604	1.263990933	1.266982008	1.272021573	1.277060006	1.284011558	1.289947017	1.297003122	1.30302586	1.308016914	1.313995026	1.32099807	1.328018977	1.336022623	1.345008202	1.353962349	1.361974769	1.370020581	1.378004756	1.383989241	1.389982371	-999
203	5.174586926	5.294161125	5.409258312	5.533517361	5.655025671	5.78407545	5.921929897	6.057911992	6.209958439	6.371788415	6.550417538	6.742189465	6.93706692	7.136947648	7.330442337	7.520119697	7.702189189	7.882326039	8.058300414	8.240361486	8.428741762	8.614403372	8.795794608	8.96936736	9.126128088	9.267287327	9.395257613	9.508454814	9.61606716	9.707121079	9.792733862	9.870026105	9.946437636	10.02437	10.10522574	10.1993308	10.30367141	10.41431602	10.527625	10.63633288	10.74114244	10.84769593	10.95183465	11.06320504	11.18066216	11.30598386	11.43224301	11.56494182	-999
204	36.22977344	37.13522559	38.06272294	39.03057022	40.07475067	40.90467301	41.7704332	42.63482954	43.52823389	44.45155873	45.53573816	46.70029561	47.8629546	49.05769687	50.29455222	51.47390882	52.36186142	53.27547036	54.20032375	55.11894735	56.05109188	56.98129341	57.91529256	58.83986918	59.767357	60.67461998	61.57749344	62.4641292	63.36704769	64.26589237	65.17343489	66.0032865	66.79993653	67.59816232	68.42568811	69.29438102	70.16019663	71.0603903	72.03395589	73.13871983	74.22879245	75.17072292	76.14916208	77.1787804	78.21818465	79.26887813	80.32055367	81.40313425	82.26127681
205	-999	-999	-999	-999	-999	-999	-999	-999	-999	-999	-999	-999	-999	-999	-999	-999	-999	-999	-999	3.683975906	3.789074501	3.900153879	4.010833972	4.115171887	4.208016323	4.286990847	4.354762511	4.412837203	4.46627761	4.516108265	4.564206743	4.610010326	4.655771182	4.703218308	4.755169632	4.810081028	4.869874575	4.935829705	5.007920008	5.087118509	5.174141003	5.26781795	5.366184075	5.465783052	5.564872202	5.662226254	5.758005007	5.850805603	-999
209	-999	-999	-999	-999	-999	-999	-999	-999	-999	-999	-999	-999	-999	-999	-999	-999	-999	-999	-999	51.892911	52.00063987	52.1481289	52.17708426	51.91894678	51.51510502	51.05392133	50.5946868	50.14725115	49.67073034	49.17777104	48.6816701	48.20293949	47.81386825	47.44972865	47.10213679	46.78768433	46.50820474	46.25816181	46.05276097	45.86728923	45.70415659	45.59205358	45.4893283	45.26931434	45.15933173	45.00714598	44.83120518	44.62003337	-999
210	0.277008547	0.33099808	0.395006352	0.466980884	0.547975159	0.637994392	0.735009289	0.836008258	0.93198933	1.020020909	1.097016977	1.164978079	1.227988113	1.294013805	1.36600092	1.44602573	1.53402467	1.627004369	1.726007277	1.827999859	1.937010482	2.052990414	2.17299092	2.293980789	2.41503664	2.538981317	2.670992118	2.813050345	2.966020492	3.134020652	3.303035778	3.479011431	3.711972668	4.069005847	4.588059205	5.300036556	6.168962913	7.088904953	7.916811597	8.550235525	8.947067436	9.14211002	9.197825121	9.213842666	9.26301122	9.361084804	9.486969922	9.631101491	-999
211	55.92804907	56.09622289	56.22187554	56.23485818	56.22661571	56.21392438	56.18932051	56.17642825	56.23961814	56.33073373	56.35747611	56.29072489	56.31513985	56.41000393	56.5544961	56.6861035	56.80151913	56.91522974	57.075577	57.24005116	57.43736823	57.58526893	57.71349717	57.85975716	58.02331135	58.16178318	58.31574653	58.4758818	58.6828158	58.88717059	59.11033966	59.3663669	59.63908731	59.95177745	60.41462148	60.82637598	61.31543284	61.82557565	62.25763018	62.76349895	63.28225187	63.70875066	64.1047932	64.60048893	65.10600578	65.64754884	66.04472954	66.43337198	66.82843727
212	207.6914184	209.9204505	211.9404917	213.8978511	215.977746	218.0835422	220.2902722	222.628094	225.1024755	227.7285124	230.0081563	232.2163865	234.3385329	236.3940906	238.5118202	240.6776611	242.8460069	245.0659583	247.3920618	250.1866193	253.5255978	256.9170779	260.2880092	263.4567189	266.5841471	269.7125498	272.9643053	276.1536805	279.3249958	282.3989458	285.2225605	287.9571262	290.6220703	293.2661929	295.9944039	298.8132522	301.6985527	304.5418969	307.2352689	309.7829729	312.0278686	314.2552373	316.4305511	318.716978	321.019388	323.319495	325.4033438	327.4420002	329.01105
213	2.817680815	2.821676379	2.822108259	2.823961672	2.829979737	2.841184125	2.857657459	2.876548615	2.896253521	2.915397971	2.935659295	2.953397296	2.973684509	2.993126825	3.012938416	3.032343687	3.04900805	3.068503119	3.088418814	3.109474678	3.131219789	3.154734028	3.177751118	3.201467964	3.22450146	3.246304293	3.270768216	3.291867971	3.308749871	3.318948387	3.325162722	3.32621626	3.324764851	3.320430307	3.321715667	3.324286966	3.331774405	3.340509577	3.349628466	3.358452341	3.368803263	3.378963223	3.388669079	3.399297907	3.411730374	3.424463736	3.43730975	3.44813518	-999
214	-999	-999	-999	-999	-999	-999	-999	-999	-999	-999	-999	-999	-999	-999	-999	-999	-999	-999	-999	20.50988227	20.95137827	21.45057536	21.94014598	22.37485371	22.78507902	23.22466133	23.66939648	24.05285757	24.31284333	24.64802235	24.96471602	25.27447528	25.56977332	25.86629879	26.16645083	26.48620421	26.86686218	27.30523712	27.76531963	28.56519054	29.3367833	29.77566959	30.24240702	30.75764464	31.29862452	31.84373746	32.38677707	32.95395421	-999
216	11.74541903	12.0990388	12.4552582	12.81653918	13.18992331	13.57160201	13.9626335	14.36365659	14.77034101	15.18304189	15.59832712	16.01785071	16.44319249	16.87635702	17.31883869	17.77172263	18.23108205	18.69868707	19.16786399	19.63228278	20.09530244	20.55902196	21.01676867	21.47495633	21.93015978	22.38541005	22.83960938	23.28799222	23.7420088	24.19227619	24.64673335	25.10057237	25.55281246	25.99837982	26.43371767	26.84891323	27.24731909	27.63417123	28.03344763	28.44073236	28.88874725	29.36441028	29.78136612	30.04731944	30.08477633	29.84596069	29.39122802	28.86884923	-999
217	44.51867213	45.56758739	46.55080423	47.72692053	48.71811494	49.85689831	50.954236	51.9634845	53.14287266	54.19484727	55.59456727	56.91139446	58.12490033	59.51826712	60.96056643	62.27001954	63.67177286	65.13275078	66.53024151	67.92283984	69.4475	70.749756	72.32932192	73.6514717	74.82862398	76.1151133	77.12225636	78.10718641	78.9811	79.85185018	80.67945124	81.58014979	82.28768895	83.10666893	83.84146561	84.6240083	85.3927334	86.23829472	87.08670762	87.95782222	88.85547461	89.80343759	90.74477121	91.72791614	92.68466954	93.62272147	94.58140504	95.53871826	-999
220	6.296078534	6.379872807	6.510153846	6.632215827	6.792600775	6.959603834	7.172382353	7.404042553	7.661848837	7.938582192	8.229875294	8.537929487	8.870256513	9.216482688	9.579964497	9.943131528	10.32057221	10.73617637	11.17978131	11.70414684	12.30574622	12.961919	13.62952622	14.30886316	14.90744866	15.4722112	15.98672222	16.44218686	16.91263624	17.40360626	17.92255926	18.43398734	18.98802706	19.54684337	20.10269157	20.69366375	21.28009149	21.88930793	22.52234933	23.15298242	23.80401683	24.48507973	25.15469796	25.83057524	26.47978427	27.13701416	27.79538782	28.50087189	-999
221	4.317892308	4.464044864	4.619335196	4.780758102	4.944521143	5.112283511	5.285233658	5.47181448	5.660815009	5.847925134	6.056445808	6.265611479	6.488357143	6.697608802	6.931650386	7.149735219	7.380155313	7.594645729	7.818944724	8.029532915	8.234909366	8.456234375	8.654912409	8.862427948	9.101654545	9.365849711	9.592324324	9.857946602	10.13861111	10.39972327	10.66262805	10.96229341	11.23931792	11.54430178	11.84744134	12.18373913	12.4826338	12.87906536	13.21509317	13.64589506	14.00902162	14.48514407	14.91198312	15.42899219	15.88991418	16.34268705	16.8517932	17.33993782	-999
222	5.477196523	5.675606612	5.878540382	6.082687847	6.294337138	6.503525244	6.714532039	6.926889324	7.160664628	7.410792751	7.672413127	7.954906762	8.253400618	8.565663571	8.877739964	9.19758873	9.526179894	9.851547051	10.15123803	10.42880359	10.68235774	10.89780193	11.09647537	11.26555951	11.41393268	11.53646528	11.65445732	11.74744655	11.81995322	11.87824933	11.92893497	11.95804297	11.98303469	12.02104397	12.07441598	12.15582952	12.25735459	12.37142027	12.53710888	12.68954072	12.89028074	13.10778774	13.34799102	13.58744107	13.81814286	14.02422237	14.23570354	14.44225216	-999
