2	8.289206009	9.037406504	10.03523529	9.812243437	10.40367866	11.13656667	11.83423389	12.62815506	13.36301996	13.73297581	14.50060298	14.92430318	15.10082313	14.90325413	15.16395186	16.01754839	15.89467912	15.66884464	17.22756171	15.585	11.20942941	10.42625854	11.42347977	12.32403636	14.00415909	15.27266393	13.59673333	14.78752941	16.69512571	17.82338728	19.30650299	20.27202162	21.3541676	22.51185393	23.75890683	25.11517881	26.591	28.74956589	29.65535433	30.70542969	31.61729771	31.97093578	32.26727434	32.984144	33.55088596	34.66210377	36.183425	37.41812174	-999
3	107.4418375	135.8190704	140.9785513	151.1820886	159.4434588	173.3131522	182.7015876	199.291713	214.1259683	215.0121318	221.5119172	236.0183272	248.9840417	263.2783032	273.2029416	273.3740347	272.4518844	269.2633641	281.5159205	282.7331547	280.641441	284.7506632	279.3086207	275.8159646	286.7194922	298.3293641	302.6754649	317.8149227	327.5521882	339.8207735	350.0931333	370.3718967	395.5150824	414.5588701	437.7069492	446.1849116	461.3026848	471.7406378	477.9566447	495.5594819	511.9052687	528.1110845	543.8187465	562.4386804	585.1187803	603.1977264	609.9635561	618.3790135	-999
6	49.0220303	50.11945833	53.63734146	51.22356818	50.14876923	45.10595349	45.65275758	47.70783333	48.84588462	50.15367925	47.60192453	47.78423913	50.45767391	53.05197619	55.24696078	56.56228571	59.36108333	61.81861538	62.35426415	60.34256923	60.80930303	57.21008824	43.56425773	44.00894737	50.82614286	57.41871233	61.90725714	64.37617241	65.87419444	68.13794118	70.88333803	80.92842647	83.11816471	91.86209524	105.977431	117.9013714	134.0412083	149.5857089	150.7825978	157.8300417	164.7380714	178.8015326	187.2794951	195.4581869	197.5442202	193.3183964	192.6099184	188.0172	-999
9	347.7766553	353.3993207	363.0088787	383.8164141	382.3916154	375.5968979	402.188869	383.2699367	421.8652203	429.0016927	406.2054578	403.8188844	420.4875714	427.5371689	405.1500977	430.025318	441.3735045	438.4502894	406.0266154	396.1944492	431.5189957	465.8003733	503.9972077	534.35436	518.6631353	548.6578419	591.8240098	613.8685673	593.2031284	589.9565668	563.9967488	503.1512599	546.559793	595.5681515	647.6324475	702.4995888	763.8514541	793.3817317	749.1250936	824.5474467	873.3678571	863.22877	886.8711	864.2702587	884.6608374	868.267561	891.9248718	868.8330609	-999
10	-999	-999	-999	-999	-999	-999	-999	-999	-999	-999	-999	-999	-999	-999	-999	-999	-999	-999	-999	14.14484604	12.4861557	7.269119372	6.629365229	6.986751958	7.467909091	7.906279605	8.177772021	8.755269333	9.048407407	9.586131653	10.51217021	11.86649388	13.53407438	15.00220346	17.06547521	19.30708837	22.00751376	23.43697778	20.13903302	20.54950761	21.53370968	23.14286383	23.83042727	24.69509434	25.507425	25.58279688	27.47606915	29.00481183	-999
12	294.9893066	302.9021367	315.468498	319.5362481	327.49525	339.3408302	342.5163741	356.5123825	366.8752546	379.3203835	391.987828	383.6026014	401.1123499	421.9981481	439.3773633	450.21425	476.0042936	494.4604661	512.6470464	510.2106306	511.8377039	533.312499	554.577567	575.1347218	598.1637191	621.4318256	650.4219957	683.0087089	710.1625162	722.7756436	752.7207108	775.4724044	805.4850718	832.5530714	856.0073021	887.1749306	920.4536884	937.3439098	957.7006005	980.4702046	1020.796834	1045.922121	1072.665934	1096.39029	1125.214589	1153.261973	1188.189839	1207.818953	1230.07193
13	160.4191848	170.2955439	178.768113	185.9440327	185.3512959	193.3633763	203.6818175	202.5131509	213.4203969	217.421116	217.5297511	221.23428	227.6503041	228.566	233.99564	239.0786667	242.5349444	250.4494925	259.7750206	271.6885169	281.0003256	286.3909021	288.9574974	295.7001	303.8216786	310.1263137	317.0397107	328.4944167	339.4748066	351.2515284	355.8670699	361.6679412	365.3647638	375.6640761	383.7069433	396.4026813	411.378125	418.2723049	401.4167756	409.2035808	421.5536646	422.9223667	424.476	428.0369645	429.735007	440.4672857	451.5360282	462.1676541	468.2908761
14	-999	-999	-999	-999	-999	-999	-999	-999	-999	-999	-999	-999	-999	-999	-999	-999	-999	-999	-999	67.1905804	66.74285769	51.62877007	39.7020255	31.90580345	28.1254735	28.49787579	30.16495293	33.15096465	35.6361148	39.57354638	43.49174411	47.60225	52.4150565	57.33174686	73.27901263	98.64526846	123.5908657	136.5471564	149.5223841	156.8831733	154.677924	157.8947869	167.3981705	172.0316536	173.068309	167.9644866	167.4231033	170.0377198	-999
16	5.270947177	5.376640065	5.217425428	8.905991182	9.775381308	12.09453617	13.87037885	15.00526966	14.83849896	15.94626652	15.10190661	13.96302916	14.85450351	15.57965647	14.84461501	15.01613057	16.58428448	17.7304676	17.79353206	18.60587108	20.69492153	22.0651087	24.91069098	24.82651402	25.83030326	26.89540458	27.70079923	29.03895292	30.30347835	31.87750302	32.707342	33.786778	35.88659319	38.42160043	41.04772854	43.66130859	47.34336439	50.23668571	51.53330947	53.79277053	54.87918455	56.86484314	59.942125	62.51608211	64.39572163	66.6043191	69.17362877	70.36945221	-999
17	84.70394118	73.84446154	75.89475556	82.89165957	80.17552727	85.13521818	87.32758182	92.68508929	98.28225862	98.23652239	106.2347667	107.5846406	112.8709825	118.3458519	122.3026667	127.1972388	130.5654861	133.7153973	138.1015789	146.4611667	151.4379859	158.7587703	166.6024133	172.714141	183.1719222	189.4499886	199.376883	208.5814396	218.6063333	230.1803187	243.5679608	252.8576667	264.7128	277.9624206	295.9281852	314.3108214	336.1289369	358.6122632	376.5040427	396.0277937	423.0487953	451.3294252	478.686288	504.375208	541.1858473	578.9177698	618.3890317	666.4013984	-999
19	-999	-999	-999	-999	-999	-999	-999	-999	-999	-999	-999	-999	-999	-999	-999	-999	-999	-999	-999	91.02455971	89.94571963	81.33094195	75.15136491	66.35205389	59.45497182	61.13152008	68.0808924	73.79108126	76.28563611	80.67904644	84.56851993	88.78277448	95.13845185	105.9645272	115.8191474	127.4818419	138.6251692	152.5958198	152.8130663	164.8150111	173.4841846	176.6738834	178.1707988	181.4754281	174.2326656	169.8879936	174.2579	179.5278491	-999
20	202.0212483	212.5775515	225.5619712	235.0607935	232.042002	244.8885717	246.3404511	253.4795571	259.4768725	271.1656911	270.1490305	271.755605	273.0599481	279.1364795	284.4842169	289.3609943	296.3167807	310.3498434	320.1816012	330.7100839	336.6062818	342.4459843	338.6909778	349.1325656	357.9218103	362.7395763	376.9857708	383.6231221	397.1783887	411.5689783	416.5443069	424.6346417	428.0193574	442.9710239	454.3323713	464.9058899	483.334681	485.5189439	474.8585735	487.7506667	496.3003209	501.7142174	503.0426952	511.7938538	521.615382	528.083431	538.5571429	545.9623533	555.8521313
22	4.291239437	4.543840909	4.707827586	4.900325581	4.62751	4.672683333	4.923558824	4.963688312	5.309930556	5.640614286	6.24775	6.381859649	6.075983333	6.531517241	7.056925373	7.182192982	7.056666667	7.420958333	7.214179487	7.770060606	7.99392	8.3578	8.706916667	8.965333333	9.631521739	9.969549451	10.53970909	10.94288288	11.55574138	12.17537607	12.85288889	13.46813333	13.96855215	14.57746707	14.7948232	15.3823128	16.31981897	17.12474107	17.47396667	17.90138281	18.41461667	19.30299541	20.66365278	21.99145575	22.42071186	23.316825	24.67896667	26.4166044	-999
25	19.15045133	20.72398276	21.84721552	22.59593496	24.26284328	25.37140714	26.58787324	27.18990066	27.13484667	26.90306329	26.84718713	25.77243684	24.76502475	24.68040541	24.30915385	23.69033523	24.27261453	25.06099425	25.91051913	27.13236458	28.52458378	28.97068947	30.23842932	31.76362626	33.24514623	34.65863452	36.30220419	38.12466138	38.24732768	39.23738547	39.99803933	41.04750838	42.00170313	43.82598974	45.658615	47.86734742	50.17859091	53.30913839	54.92041558	57.330361	60.32743373	63.24446185	67.64752	71.36596124	74.84914458	78.14672441	81.35836759	84.84685484	-999
26	-999	-999	-999	-999	-999	-999	-999	-999	-999	-999	-999	-999	-999	-999	-999	-999	-999	-999	-999	7.625062043	6.507123217	6.0362	5.930364	6.191668687	7.488180365	14.14090753	18.99587133	21.94884124	24.07803009	25.40404259	26.52421611	27.93459725	29.03479441	30.80452535	33.52586258	35.34860121	37.35312576	39.45419883	38.26608902	38.50128195	38.87190864	38.58289305	39.54116176	39.94254375	41.16517058	42.5085	43.43964591	44.97875506	-999
27	1.298269841	1.625253521	1.988483146	2.149183432	2.342338384	2.586903704	2.894799283	3.315841155	3.711472414	4.166608059	4.5430033	5.093120567	5.767438525	6.259290179	6.700767857	7.227046025	8.112108597	9.694135135	10.92769124	11.69750417	12.54443578	12.93439608	13.15663158	13.62869027	14.63190367	15.42794709	16.75403279	16.81369863	18.46167464	18.84974299	18.85635122	20.03314428	20.9358877	21.46121081	22.51890526	24.3266131	26.34031707	27.97916561	25.8878481	28.20143966	29.87674615	31.16175625	34.71603846	36.01209794	35.52205025	36.92930688	38.06727586	39.74315271	-999
28	688.8406457	773.3493984	882.5695276	959.4274094	1012.720164	1109.433318	1157.362583	1195.168134	1275.936188	1398.32655	1336.231761	1335.941282	1290.160878	1362.460376	1474.794189	1590.037055	1647.10689	1645.425333	1695.177193	1646.981911	1664.159913	1660.494161	1736.378581	1831.832565	1915.968143	1954.625627	2025.690462	2022.129545	2044.328686	2122.099	2155.172568	2231.41853	2256.139862	2372.599611	2453.730701	2562.219285	2711.143893	2839.745463	2830.541217	3049.209984	3179.186976	3237.251168	3336.806169	3362.805423	3240.551586	3121.547321	3170.721489	3198.852858	-999
31	14.21607143	15.42216	16.31366667	17.30516667	17.38485185	20.80505618	23.08997674	24.61657895	30.21769231	28.07535106	22.54633913	23.32994828	23.62996748	23.63812903	23.38038095	22.61162308	23.21314729	23.37772388	23.20563433	23.45566906	24.17476429	25.24950704	25.42611842	26.19310759	27.28852727	28.05245833	27.65213587	27.47684713	28.30754054	29.11590789	29.93908333	31.15345	32.00618902	32.15862092	32.36997315	33.72115888	33.88138119	33.13465596	32.6039693	33.47290732	34.71985644	35.02352261	34.26909	33.4857	33.2094	32.3815303	32.89302941	32.91856682	-999
32	37.13261082	40.06886071	43.27866134	46.56660799	50.66702626	53.98166298	57.32677434	60.55150498	64.5593438	68.24432504	71.60524028	73.25328521	75.82154478	78.35964265	80.43681898	83.8346875	88.93410032	98.64273903	95.4445052	86.72781796	79.35227109	73.64818665	72.52731782	73.80780312	75.99032997	76.45506906	75.6579854	80.47006341	73.73809386	77.17595604	80.16551872	84.87355	89.18983939	94.93466183	101.7339495	108.8215275	116.776318	123.8143573	119.2870852	121.0025797	123.1290579	123.2966117	123.9629904	125.9744207	130.4820958	135.5882274	140.7998586	145.06488	-999
35	-999	-999	-999	-999	-999	-999	-999	-999	-999	-999	-999	-999	-999	-999	-999	-999	-999	-999	-999	-999	-999	-999	-999	-999	12.46464407	13.18800862	13.78688235	14.3678855	16.30041026	18.00922936	19.39288288	20.66227103	22.43600943	24.76902083	27.77928421	30.99535789	34.0115619	36.50335	36.415375	38.51516667	41.41217949	44.335	47.44279817	50.81871667	54.5032449	58.41193082	62.57513372	67.18153503	-999
36	14.97971429	15.39846	16.28312245	18.07879545	19.98478431	18.98895918	21.49545161	25.99536364	28.03872727	27.34944262	31.90543636	34.1538	36.50648214	39.6445	42.46844643	45.03231373	44.68266667	40.86785246	40.0715	37.76794286	36.31576119	34.97824615	32.22617333	33.12032468	34.15897222	35.93030882	37.78154412	39.47607353	40.70520339	42.24668182	44.37288525	45.97177778	48.11937097	51.97031034	52.42466071	54.49245614	57.19529167	59.29770833	60.1216375	62.35346914	64.7294	67.62446575	71.32238667	75.85111392	80.33468919	83.48906849	86.33749275	90.66637681	-999
37	488.1362353	514.977282	550.0052445	568.3545959	576.6144572	610.0637712	631.4418302	654.441112	678.56	693.3699918	717.9585544	694.8963604	712.4903289	755.5097146	790.9240301	808.7028008	840.3050275	877.9448889	898.8826565	899.4683714	881.4900349	888.1489701	912.9627704	952.9743444	978.8990625	995.0882681	1036.493042	1077.726668	1132.82259	1193.023261	1213.105795	1251.691416	1272.053148	1312.172055	1354.093766	1389.914365	1418.025266	1432.040093	1392.67612	1433.798253	1479.819588	1504.862518	1540.787166	1582.295292	1596.765834	1612.910033	1660.882949	1697.392177	1722.353331
42	66.15231132	65.53201905	62.32579128	63.78566667	56.66111589	58.47213399	63.53946259	68.27848239	74.2093741	80.47118421	84.19471542	75.35813934	72.56983969	78.3576124	83.89411966	88.71292105	94.51652074	101.2618367	111.9753246	116.3449763	125.6380889	141.1081304	151.0900341	159.6284038	176.5492905	189.0511189	203.416358	212.2441144	211.3843534	223.0445596	229.9223448	237.1355	246.7850355	264.1042178	280.5908969	297.740631	312.2525545	322.9779806	317.8850545	336.2978676	356.9510427	376.7599122	391.6839234	399.3062275	407.4983719	413.8132039	420.2096683	435.1069543	440.2130121
43	54.43623593	62.1396867	71.60829478	81.13994577	82.72891734	87.45821869	101.0646692	113.3347491	131.1401516	142.3787455	152.6492941	159.7790943	174.3344005	191.792294	201.2520687	224.0952443	252.7279182	273.4327815	297.1139693	313.9613295	339.6705231	368.4174897	392.9930147	423.254391	450.1582012	478.3421429	507.2853273	528.0813965	564.086284	600.5254063	592.3670944	625.0126261	651.603429	693.8111579	730.6987508	772.1794798	822.8365559	829.5334653	816.9133885	901.7189108	937.0864659	957.2673976	978.3593775	1014.740817	1023.140529	1038.502747	1072.473185	1098.41688	-999
43	447.0974413	464.2049548	500.0938449	511.7425972	556.3888865	547.4359167	589.0780942	654.4865806	704.4260525	759.3705947	798.4924285	869.8119102	964.2815623	1109.92839	1259.509784	1371.647734	1531.67319	1704.272654	1776.449392	1845.277595	2017.309996	2302.683345	2624.060807	2964.085405	3288.282365	3617.104186	3948.378815	4260.531327	4585.395286	4975.417583	5390.64756	5882.290993	6477.857874	7130.572756	7940.55511	8951.664374	10226.24246	11208.59104	12274.5471	13571.86985	14877.86947	16033.47875	17271.39247	18529.14886	19811.11931	21155.31777	22605.33422	24061.1457	-999
43	38.94275105	43.06021171	48.148295	49.35015695	49.75839726	57.81867431	64.42883186	69.87854751	78.0259071	85.92202353	93.45434911	96.26285955	102.4366335	112.1312684	113.2292386	125.7008209	142.371759	155.09032	157.9390293	164.0476995	173.3072871	184.3743575	196.3214227	208.2527886	212.3675988	221.5787799	232.4068156	219.2639153	224.5877424	241.6185389	243.8399882	247.673216	254.8725595	276.4036689	297.3526763	318.1996617	338.7096462	345.6304435	337.5701679	362.0445259	377.2390083	385.4644786	396.9950948	405.8746186	418.4819524	426.2742571	444.8598485	457.9888925	-999
44	121.2680227	130.1286048	139.1546845	147.4627656	150.5173298	158.0181263	164.1844815	178.4617568	187.5081685	195.5353876	199.6347886	201.6799205	205.3085714	212.3609045	218.0846851	230.8180747	243.5079429	253.4602824	262.1688538	272.7035595	277.9804971	289.1776608	304.8817485	324.115764	340.3221	346.189949	359.2518902	361.8385854	346.6985467	356.3198684	361.7305695	372.3402979	386.7576343	405.9194297	423.746344	453.4232222	487.4170811	503.2276147	509.1371404	526.9950088	567.8923186	592.39575	617.0904397	648.0325044	666.4843604	681.3478584	687.8562178	709.5316796	-999
46	47.72024074	48.06105455	51.42254902	53.794	50.39857692	48.03582143	48.36563793	45.41525397	45.74635714	47.27643284	48.37542857	47.92130909	48.39747297	51.09476471	51.65163492	53.67139286	55.28078333	55.29149206	55.00498333	51.54606897	46.72577143	41.50588235	36.11973684	34.71322857	35.70721875	34.91369697	32.91357143	32.66407692	30.61636585	28.4268	28.53392	28.54492593	30.24632258	32.68212903	34.64410811	36.66918421	38.575075	40.85654762	42.37446341	45.59136585	48.84708333	51.61759091	56.0665	62.08945333	66.7055122	68.24182759	71.02774194	73.22024138	-999
47	4.859889831	5.266826087	5.708609524	6.159234694	6.664021978	6.695045045	6.109701923	6.468580952	7.104358696	8.341831325	9.788337838	12.12436364	12.78219048	13.73875472	13.56848214	12.72088889	12.66514035	12.95688462	13.21948	13.3101875	13.6575	13.92736364	13.8144186	13.37348276	13.76061538	14.09616667	14.51168182	14.85527273	14.37034615	15.54996875	15.865625	16.78853333	16.71606667	17.35933333	18.74608889	20.04664706	19.58046429	20.7869697	22.41898571	24.44244	25.22349398	26.21963529	26.99358511	28.69661957	29.57751402	28.63807692	27.91504902	28.19379208	-999
49	12.48255882	13.5636	14.54720536	15.45595098	15.80002727	16.68194444	18.10096825	19.24459843	20.25814167	20.36128302	19.78272549	18.51240659	19.00736264	20.50345556	20.51090526	21.65135789	22.72058763	23.56506122	25.03307619	25.77822772	26.28410476	28.7099403	30.73460484	32.22297101	33.62723485	33.91384553	35.89282456	38.24947899	40.04061404	41.27714679	42.72051304	44.41815044	46.31655652	47.95481982	50.02469725	53.4625	58.08073913	60.73665455	60.07750943	62.89258095	65.5554381	69.02514	70.69654902	73.23633333	76.01765934	78.52729474	81.26132258	83.89571429	-999
50	25.55076596	26.52976	28.23620833	29.26026042	31.649375	35.91338144	38.36620225	42.82821505	44.02050602	38.97665517	40.36064865	40.5929863	38.94407292	37.924125	39.5681039	41.03125333	40.65856	41.3707027	42.43957971	41.6218	41.66408955	42.00225758	41.65239437	41.80512162	45.31226389	48.43835	50.38615789	53.07032967	53.509104	52.31340496	52.59084874	51.85255285	50.99730693	51.6039619	52.36937838	53.09057547	54.39688235	55.80070175	57.54290291	58.67335849	55.95826168	62.08680315	67.665144	73.43507377	80.30552101	86.31733333	92.63434821	100.1033131	-999
51	-999	-999	-999	-999	-999	-999	-999	-999	-999	-999	-999	-999	-999	-999	-999	-999	-999	-999	-999	78.49002703	67.10637615	62.22120705	57.15500772	60.55080952	64.51605677	68.46040654	72.85026906	74.30096624	73.92041277	76.28528636	78.90605778	82.69294737	87.36448485	91.10865116	94.84387619	99.88607	105.0608069	106.6898783	98.78013472	97.58704278	97.02943784	94.91239884	94.64941667	94.481925	96.9540125	100.3706582	103.1412229	106.2110903	-999
52	77.95335581	81.59131855	84.44684047	85.35171739	93.37692664	98.57928235	107.3139766	114.2857038	115.5067237	109.6836259	131.5227403	143.2799249	150.9207955	162.646277	165.869933	165.4644697	161.7003972	167.5257294	168.516183	164.0219135	145.9481209	129.4616829	110.3098034	110.7251099	113.3777879	122.6406382	125.7045952	126.4647184	133.8323234	141.6776269	146.2184254	148.4762471	154.1052201	162.5767248	181.5321087	203.539816	217.4620661	227.400875	230.6747982	236.069968	241.8477043	248.5789115	256.2316923	259.5109505	271.1584444	272.6673725	278.3762444	283.4540233	-999
53	3.545642276	3.903591727	4.22164564	3.944197727	4.198121519	5.050442708	5.875930556	6.327736544	6.959031519	7.355868571	7.54641194	8.011439252	8.455741935	9.192268456	9.634432056	9.979921053	10.69977976	11.62425478	12.54739803	13.4649481	13.59124465	14.83993438	14.9736	15.83084615	17.17122789	17.3646039	17.8229772	18.93975244	19.8457549	21.087	21.86877032	22.73512903	23.31442193	24.49405674	25.62888727	26.84455849	28.23307985	29.26402703	28.63508397	29.27642742	29.41485714	28.32992174	26.55689151	26.0220991	26.94459361	28.75779817	29.93741784	31.23612871	-999
54	157.8938302	163.5356856	168.9521425	174.9032803	180.002547	184.1346267	191.1231795	194.0235951	195.8177503	200.4405095	199.2852104	202.6713692	205.0703436	209.2464719	210.6421022	215.0298982	216.0385772	220.4601492	230.5407099	227.9258422	201.3260559	200.4150259	200.2910762	206.2275522	219.1722242	228.2500549	226.8177967	226.0209323	229.6092192	239.1134004	246.1226911	250.2661282	259.1468697	271.8985379	290.1222525	309.5058958	326.8325538	336.153396	319.5332945	326.9192791	332.2755745	330.168225	328.1047476	337.6891237	355.0876071	363.8839784	379.4423657	390.5004612	400.3577393
55	125.9585727	130.7623326	136.2053826	134.8161995	132.6086851	140.5049494	143.385555	146.3178624	151.9972096	151.2249424	150.2027926	155.9446657	160.0308885	166.5167313	173.3858153	181.7011298	182.3629238	182.3806091	183.126062	186.0702445	188.9002901	192.0849653	192.3407967	202.6856711	208.5186393	215.1285375	221.8157993	226.4331563	233.1104596	242.0660286	243.7790651	245.8616934	245.8210171	253.0755366	258.1113617	268.7198381	271.9156158	270.5214944	256.6081913	261.2620608	264.5661258	265.5112571	268.2550207	273.3051339	277.8390171	288.9848051	293.213844	302.0986415	308.9354247
58	18.54068085	20.41361161	23.0650398	24.50079902	25.68142365	27.42074359	28.82230457	29.44438384	30.754865	33.31164211	34.68320809	35.33016463	36.90971038	37.25835263	36.45792982	37.80539037	41.66451031	42.58172251	44.45398974	42.06358523	42.52570166	47.29171728	50.70018079	51.91316176	55.00717157	58.09252657	63.50838426	67.54783333	71.54444681	74.87328085	76.77068966	80.28129508	79.2020724	81.18019598	88.94486802	96.83542268	104.0523791	107.8078	108.4187485	117.4366173	121.4451132	124.4458012	130.6411667	139.9781871	149.4672361	159.8632837	166.4292946	178.4737769	-999
59	34.2644902	36.30486598	41.33216667	45.92401754	50.73165812	54.46823016	55.45371918	58.47407595	61.00164151	63.07373333	66.67258192	67.17623864	66.82821084	68.63915951	71.13143902	73.55184568	73.57262025	77.79522152	78.57920261	81.72694479	84.84267073	86.70183041	88.32964151	92.59675776	94.30017514	96.05395	100.1792647	103.5878731	98.79689503	99.49663043	103.6759541	107.7137579	110.9611872	119.9129402	126.0937937	132.0798505	134.6824922	143.0888649	144.4177475	148.9615708	161.1025477	169.8750663	178.32329	185.1276832	184.9786517	183.1701598	187.8780273	189.7123037	-999
60	106.0858942	109.4104854	113.0972623	114.8672843	125.3992353	141.5077393	154.5971932	168.1102092	175.6368309	193.1344171	207.2628978	227.8973801	239.629017	262.9301915	277.9046207	290.7029159	302.6657009	318.8338009	335.3464646	353.9225727	357.706625	374.3100748	384.4473474	399.1124635	417.7750615	438.5838929	464.13564	488.92676	518.5139695	553.0660608	570.067898	585.0034381	604.2008769	626.9563707	656.2339729	701.0764654	750.4336927	805.961783	842.7488454	884.609965	899.8562315	922.3693073	942.1190299	966.6000647	1011.349303	1054.452325	1100.295005	1158.42801	-999
61	21.74186667	23.21275758	24.47192754	25.73145455	26.43434247	27.89587143	29.63998529	31.15532308	29.80452308	26.60165	23.8168254	22.16091045	22.57454545	22.65522388	22.78720833	22.84047887	23.52996471	24.00110345	24.25961905	25.38075904	25.67792593	27.59576522	29.12377869	30.55483582	32.02616783	32.38822764	33.21654422	34.06028758	34.90602027	35.22565306	35.57559603	36.10518121	36.83478882	37.06922892	38.15533533	39.65660355	40.38498295	41.51541558	40.50809804	41.60014483	43.19264828	44.22239007	45.37515152	45.95940741	47.24148571	48.45628571	49.55343802	50.57222835	-999
62	-999	-999	-999	-999	-999	-999	-999	-999	-999	-999	0.365707965	0.372935294	0.393009524	0.395633929	0.450315217	0.436917431	0.456612613	0.471413223	0.465195122	0.456107914	0.452408163	0.61012844	0.678640449	0.783987654	0.926555556	1.537431034	3.842717949	4.721655172	6.054166667	7.065117647	11.5967625	13.85313	15.74167725	21.72926857	25.33356652	27.35592941	31.45479275	37.12662376	37.59245146	34.26268696	36.42274236	39.5786682	37.86	38.15088827	34.50740606	31.54952448	30.08423313	28.20970616	-999
63	-999	-999	-999	-999	-999	-999	-999	-999	-999	-999	-999	-999	-999	-999	-999	-999	-999	-999	-999	-999	-999	4.975045455	5.652178571	6.876605769	7.084418182	7.698945946	8.366270833	8.519185714	8.421533333	8.246413333	8.927710526	9.191486111	8.94392	9.100630137	9.388596774	9.197927273	9.365716981	8.414039216	8.843568627	8.950555556	9.785538462	10.45354902	10.95624	11.18416	11.41202	11.63918	12.33680769	12.77410714	-999
64	-999	-999	-999	-999	-999	-999	-999	-999	-999	-999	-999	-999	-999	-999	-999	-999	-999	-999	-999	23.53128562	22.13197318	18.94975121	16.80057846	16.52339736	17.2689413	18.11450753	20.4873616	21.37030863	21.2898307	23.41907131	24.85443167	26.5217989	28.53916263	30.48068877	33.36984661	36.58431442	39.38180368	37.40015856	31.95796739	32.80924558	35.273936	36.38314889	36.84113333	37.99054148	38.67956888	39.64788974	41.91932546	43.96830252	45.89189486
65	26.15952	26.83995556	27.05741667	27.53729167	26.77522727	27.55311628	27.76088095	26.12341667	26.4034	27.58561224	27.58798148	28.185375	30.26191667	29.25515217	26.15050943	28.71559649	32.6622807	32.70364407	32.77564516	33.4012	31.18547887	28.45714286	32.11271429	32.89066667	35.23913636	39.84312308	41.09002985	39.50525676	41.69017143	43.85257534	47.51589412	48.39614943	47.12352577	53.45105556	59.83666216	66.55164789	74.51528767	82.28642667	89.66997143	100.7103276	112.3829667	120.7024068	134.3866613	148.3977246	163.7138852	178.0395	194.5774921	207.6730317	-999
69	80.19065795	86.35692475	92.51873745	95.48346436	97.1184989	97.49088588	97.71302734	100.6233923	107.8092351	113.5934327	115.0177576	118.5111048	122.4301121	126.3215546	130.8534255	134.2115152	139.168648	146.2303949	153.7412806	154.6942816	145.8925749	141.163455	140.1067678	145.6333301	151.8108392	157.4505671	167.1499806	176.4526584	184.3135757	194.9738857	199.9489868	203.079929	207.097282	215.9296881	221.4437218	230.7326042	242.4707218	244.7175022	225.086159	232.2122584	238.2649956	235.134274	232.273743	231.9293604	232.7162912	238.9045979	246.5212907	251.4562586	253.1096067
70	1069.124399	1116.478959	1188.917258	1240.648155	1226.400136	1279.233334	1324.053817	1376.186162	1425.107006	1449.726277	1464.601036	1504.255332	1520.032077	1544.855799	1570.526719	1603.870756	1642.801892	1728.258653	1800.32584	1848.12508	1870.208742	1901.125608	1894.069789	1929.312799	1974.989167	1997.353556	2052.803895	2128.550537	2195.31521	2279.217494	2330.413563	2354.052981	2376.017503	2442.936861	2478.054293	2534.503357	2599.810441	2606.949582	2527.845955	2576.151962	2646.078618	2651.819919	2655.857234	2680.636514	2713.543696	2757.362685	2817.018545	2863.00083	2903.287034
73	8.803166667	9.8448125	10.71129825	15.11837838	18.03140476	24.43341667	21.02542857	16.13892593	16.24313415	16.54761538	17.43690323	16.90636538	17.85984314	19.07940506	18.69431111	18.4644625	15.3969759	17.37708434	18.8401	19.78278261	21.06184314	20.2318	21.10173684	21.98850943	23.07449123	23.98515254	25.36675	26.0935	23.78859375	23.258	23.8235	23.88175862	24.36380702	24.67955172	25.12297101	24.35351351	25.84550667	25.1888625	25.05036145	26.8650303	28.70176923	30.35851456	31.87637864	33.51713402	34.60129787	35.29784694	35.46316901	35.74829577	-999
74	-999	-999	-999	-999	-999	-999	-999	-999	-999	-999	-999	-999	-999	-999	-999	-999	-999	-999	-999	42.76916731	33.7379709	18.60449719	13.14560165	11.7818222	12.09041159	13.43706157	14.8567019	15.34262188	15.77202158	16.02992734	16.82509453	17.73431447	19.73849673	20.81112338	22.84076404	25.00343646	28.1102732	28.80811111	27.70794764	29.55637278	31.66878191	33.72402041	34.87142512	36.50563721	37.57626432	38.60843534	40.45175113	42.36890821	-999
75	1669.18499	1741.867755	1823.539685	1841.8296	1822.782601	1913.103541	1979.437033	2038.191052	2121.716533	2152.26015	2166.027591	2156.033511	2188.519906	2252.669611	2303.339674	2358.218604	2391.207305	2480.251747	2575.460728	2708.955862	2849.82659	2905.965368	2877.300013	2942.145178	2984.65824	3017.218034	3064.228369	3125.254074	3183.435051	3275.450036	3339.273968	3324.804472	3309.227407	3338.692598	3362.954222	3502.990175	3601.030249	3633.300587	3429.44071	3579.473057	3711.886716	3725.70844	3743.39123	3825.987995	3902.055626	3991.777457	4084.057301	4143.639173	4171.512163
76	24.55253846	23.89734524	24.75821429	26.27938554	23.05818	22.36930476	22.79408182	24.77993137	24.0621413	24.33656667	23.486	21.67788571	20.71041667	22.60429114	23.76131034	25.03106818	26.10686364	27.48818605	29.04146667	29.96258333	31.79157746	32.81003704	34.57016667	35.54389024	37.02783721	38.70361111	40.50132584	42.1605969	44.0827803	45.82875	47.34387826	49.6754403	52.21647541	55.36926415	58.39359259	62.29856452	64.77329457	70.91282883	74.030528	80.13964341	91.35379832	100.0231328	106.8701016	110.0929496	112.5997661	116.4553909	125.5982857	133.7748	-999
77	0.372456522	0.387124183	0.412594406	0.407227586	0.405464052	0.41666443	0.427442029	0.439606299	0.452087209	0.443327014	0.438030151	0.44712037	0.463340426	0.476647727	0.492327869	0.513142222	0.538109705	0.564525692	0.575489451	0.580345528	0.572200565	0.573894737	0.585503614	0.610887234	0.629603139	0.647981941	0.689344186	0.715672018	0.740849315	0.774592255	0.799562929	0.819497696	0.84956338	0.873686667	0.891567033	0.914601293	0.946420225	0.937788671	0.895509506	0.91367052	0.920843373	0.928549603	0.961770713	0.980978062	0.999187394	1.080628975	1.166733706	1.235658363	-999
78	150.9928614	166.3020345	180.3465615	168.0173854	179.4721947	191.2604877	197.0381471	211.1488663	217.8864078	219.3016602	215.7095314	213.6815953	211.7605216	215.349661	221.4630122	221.8348694	217.4955382	226.2626738	235.4598459	235.2099899	242.5673841	244.3104358	239.9199435	245.2320266	249.9296895	257.1708013	268.5892083	279.3918374	288.361089	299.0598027	311.5633772	323.5957061	342.5132372	359.5407615	361.8111179	382.5359268	394.7697218	393.13175	377.2308787	356.2797863	323.2961732	299.5577626	290.4859789	292.1185689	290.7352162	290.675682	294.9090234	300.4985756	305.5366516
83	28.302375	30.40426829	32.48065432	34.35450633	35.06611628	37.62405195	40.76509756	42.66977273	44.37126316	46.30696703	46.61152564	44.92015493	43.59387302	44.20091429	43.61387671	43.76916981	45.33236667	46.86672581	48.99301613	50.10826563	52.47256923	54.88093506	57.12569136	59.24391566	62.32968085	64.25885393	66.69636667	70.13922018	72.9766699	75.28335088	77.31221552	80.2397	82.28260169	84.86716379	87.80768333	92.44878947	98.31800862	101.4580594	102.3578909	104.5100909	109.5420722	112.5449184	116.2134412	121.0590481	126.9889661	130.900065	134.0715575	138.1626967	-999
87	10.81622857	10.78687879	11.41828125	12.02282353	12.14247059	13.24306977	13.5235	14.66013636	15.5222619	16.76594595	16.29696875	15.55137209	15.94919149	15.90069388	15.92274	15.75685106	15.63271154	15.82848214	15.32467213	15.56913333	15.68059649	14.81703636	14.16382609	12.601	13.67156061	14.30016216	14.64583908	14.88579545	15.35245556	15.50850526	15.29516162	15.22719643	15.35735455	14.833375	15.06260952	15.39325	15.94280992	16.05119328	16.57329204	16.0285137	16.9491962	17.41756934	18.13885417	18.63024684	18.84068235	19.11069767	19.33767262	19.70703681	-999
88	8.139072464	8.581237037	9.242138686	9.11889781	9.351908451	10.29986957	11.43671739	12.09507634	12.76264394	12.84640152	12.69017323	12.36776744	12.50159574	13.31861429	14.04690756	14.794	15.83498333	16.11855385	16.56234286	17.0093125	16.38739394	17.46891489	18.58342143	18.63278261	19.75354696	20.11943429	21.05073256	21.72893467	21.58675743	23.13255155	23.83227928	24.75854185	25.81057851	27.48373438	29.09654505	31.034173	32.8871625	34.36837662	33.49577477	34.74766055	36.04645575	37.65666222	38.57362222	39.8320724	41.28818834	42.85485784	45.10739459	46.74206667	-999
89	110.1535521	121.5200998	131.4956792	137.2425808	141.1925734	146.682166	157.6348996	157.0624907	169.140858	168.2558941	173.1172182	177.9943341	179.4880938	184.1580961	183.7683687	186.7714821	194.376855	193.8850677	195.6293592	188.7068362	166.0999895	160.9664169	160.2246872	165.0240904	167.3967827	167.6722339	172.8052012	179.3332173	185.2501176	193.0444348	201.1847766	210.793463	219.2082432	229.4200083	240.0095702	249.5922535	250.1066857	252.4547024	235.509593	236.9102111	241.373375	237.4933222	242.4498072	253.5408987	262.0144233	268.5764049	279.0404207	294.2049355	308.8366351
90	3.85767033	4.093128415	4.373425197	4.628331476	4.65174928	4.939285714	5.35855082	5.689061489	5.970444444	6.306790614	6.576704545	6.710390558	6.564432099	6.833967742	7.077908696	7.528221239	8.147957944	8.158446429	8.180493274	8.279030568	8.256513274	7.981726891	8.068834025	8.383906122	8.394384615	8.763385827	9.247776316	9.90640566	10.32651759	10.80513	11.25967914	11.3104359	11.61007407	12.53880663	13.30583333	14.02867284	15.3631457	15.601375	14.54461538	14.02289209	14.37483077	14.53042188	15.16285075	15.39498496	16.20045669	17.20719167	17.9491157	18.77298291	19.13954848
91	782.9515671	777.1965992	802.8567265	813.789936	886.5910163	903.3567043	969.4496434	1022.1505	971.426093	1036.959469	1096.869973	1133.543444	1218.700243	1264.72746	1330.277463	1395.305673	1449.525751	1587.690799	1683.163349	1778.929775	1797.042415	1896.053879	1983.683134	2114.260813	2279.411414	2450.972804	2545.965895	2704.080636	2946.833728	3057.819007	3208.679365	3326.198865	3591.816689	3880.261551	4182.835591	4521.190047	4869.033723	5015.470736	5407.364285	5866.191828	6180.726788	6517.163646	6918.127755	7453.639188	8050.918119	8701.149618	9322.638834	9947.327707	-999
92	274.0392609	292.2198454	317.9336139	342.2905243	360.3792952	384.1620396	417.7904775	445.2719661	478.8815806	524.153845	566.7126512	578.0120382	603.886936	644.1411345	663.2539291	699.6693284	734.0979771	777.2260909	835.6672891	899.3131164	957.7741014	1023.063507	1089.13906	1166.179413	1266.201582	1359.622226	1425.508613	1242.69376	1247.669107	1314.556082	1357.87445	1420.961751	1491.029155	1563.356129	1653.946359	1747.287402	1849.77038	1969.484899	2055.104135	2187.991978	2318.703387	2465.139082	2589.18687	2724.480614	2854.512138	3008.937695	3158.404346	3310.221201	-999
93	670.7560345	768.1880893	838.5068548	889.4992424	872.2121026	1010.748299	971.9165889	840.273767	748.0762969	542.944319	514.305142	655.8155833	710.9483064	649.7585707	662.3174475	595.569823	599.8647125	567.2251038	600.5429483	684.982456	768.1542249	790.8876667	800.3131762	786.6126139	804.5065428	845.985697	850.3420484	869.5565654	875.5279179	926.6034807	935.2876343	1003.091702	1089.615119	1138.277428	1173.541129	1234.230618	1333.513386	1338.858277	1351.977051	1428.675845	1467.635121	1357.438045	1355.795791	1415.623947	1400.002504	1586.767037	1647.330636	1579.167965	-999
94	46.26778924	47.89943333	50.03265254	58.04273756	65.28857983	76.51670635	78.21207364	91.23622892	110.55435	138.0694789	136.5286757	141.4849896	123.109498	121.1045627	122.8943366	128.6687576	140.6078498	140.5345698	136.1417825	214.8048648	77.33030481	102.4779028	133.501614	138.5806494	141.5846577	157.212371	190.6322972	257.1223214	301.5204406	306.5367174	313.5914414	292.3244125	195.4641404	301.1298347	314.0586996	346.6414121	350.3655922	379.1039271	392.7947745	417.6481815	448.8755854	512.3520243	551.6999146	554.6671732	568.5321391	655.9696256	639.7023991	636.1214066	-999
95	41.14574905	43.85085451	45.88015639	47.88353178	50.59538278	51.23222248	55.52640426	59.50132308	61.34542857	63.16057805	65.22998477	66.68950923	66.64019098	69.56567318	71.68895664	71.3362987	74.62611795	78.50084916	83.06893466	90.1552515	92.00623054	94.87922769	97.46722327	103.0563859	112.9301834	121.4005357	134.6162115	146.3319144	161.6296901	177.1198225	186.4159827	197.1117523	203.3419903	217.1858418	229.0003454	240.5305979	253.6707614	243.0994011	230.7540756	233.8794556	235.94934	236.3291053	238.6733379	260.215145	324.2181376	335.5569091	364.2100714	391.9282667	417.3567463
96	47.28495533	53.05319853	55.90428929	59.7108717	61.46131461	61.73989513	62.31398566	65.88839362	69.88433824	71.14124151	74.96543893	76.40866423	78.91334783	79.82703169	82.97130717	86.47837864	92.6395016	95.34637578	95.95742042	102.878185	110.726412	119.309651	124.3518248	133.7191086	142.4567651	149.3963651	155.8451171	162.2181579	167.9111854	182.8131533	183.435549	182.8958395	184.8535424	194.2064476	202.0505533	213.8187828	226.2973908	234.4674145	236.4969778	249.7735365	261.6761705	268.1886291	279.19275	290.074986	296.9733163	308.5169167	320.0403518	331.1760778	343.1325276
97	1052.3704	1090.879897	1167.551363	1232.098178	1205.552498	1295.396826	1325.076327	1369.532862	1450.530447	1499.380532	1510.712668	1522.974013	1535.993516	1590.623726	1628.79469	1674.589561	1735.471756	1806.99864	1867.719913	1899.570649	1932.259343	1948.708641	1933.625813	1971.330786	2025.782672	2052.389015	2090.038026	2133.845472	2164.407316	2248.324235	2296.073169	2296.68307	2307.035005	2333.306656	2352.741371	2389.279037	2425.610462	2409.294792	2284.030333	2319.481243	2342.118378	2263.439617	2220.892954	2231.855014	2242.599769	2277.32221	2312.814561	2331.920022	2329.041211
98	16.04543096	18.92632506	17.92111184	17.16668511	17.11972705	15.94444836	15.53384598	15.54625926	15.38165919	14.50558261	14.89550676	15.17840761	15.46826099	15.25652907	14.77226498	15.07155743	16.26417958	16.89383916	18.10670349	18.86908854	19.76188493	20.17215561	22.06540054	22.40472253	22.87228261	22.8469974	22.62693182	22.10699299	22.33657339	22.50668966	22.83033023	23.29764252	24.13415728	24.42101667	24.65623022	25.36811879	25.71749891	25.52994795	24.40887296	24.07213805	24.48216162	24.37114388	24.47688136	24.61472183	24.81496751	25.18289041	25.40825651	25.92411076	-999
99	1750.579207	1900.822998	2049.89774	2027.636076	2088.230951	2174.839136	2269.837476	2388.563413	2521.627341	2591.110571	2696.151787	2789.975109	2888.731409	3016.180034	3173.017648	3281.396087	3430.889425	3674.418067	3843.407343	4037.784061	4177.694357	4202.344813	4189.971882	4228.828577	4348.641404	4484.980961	4518.178681	4473.033061	4469.892652	4591.437996	4600.205911	4606.075141	4679.200233	4776.543093	4862.289173	4928.799328	5023.951534	4960.821184	4698.245271	4878.263828	4885.534872	4945.976452	5057.75491	5077.709745	5135.80212	5159.537387	5284.032911	5297.626515	5330.76327
100	9.793318841	10.35981379	9.673646067	9.627984211	9.560111111	11.89649099	12.66073756	15.29300455	16.73525121	19.87063134	20.8700873	22.34665672	22.83731119	24.83902807	25.6858488	27.46332	28.28618893	27.7620429	23.97452113	24.20707388	24.64340642	29.30102755	30.59598295	32.13074011	34.15727451	34.82492458	36.05126446	37.09005738	38.37230508	40.01874803	42.0359162	44.56300287	46.33470231	50.41029326	54.45129794	58.83064263	63.67862866	68.3075037	71.90678358	73.67750588	75.70791954	77.5129215	79.78803929	82.24690411	84.17406738	86.05186617	87.72232374	89.43597665	-999
101	-999	-999	-999	-999	-999	-999	-999	-999	-999	-999	-999	-999	-999	-999	-999	-999	-999	-999	-999	227.9067099	202.7703342	192.0840502	174.3855024	152.3793056	139.8847153	140.6653729	143.0752745	140.3347243	144.1471567	158.2119873	179.6801053	196.997168	215.340492	236.1570016	258.9149059	286.7949536	312.5289349	322.4917185	326.4350853	350.3984184	376.3096474	394.3442479	418.0531544	435.8520793	440.4714712	445.8075629	463.4743093	483.0964492	-999
102	22.60524476	26.45282813	28.09190476	29.13434711	29.32730508	30.07969697	32.79023622	35.18647458	37.98939815	39.95117273	41.29395192	41.95523711	42.58801136	43.27759223	45.02730392	48.299	51.11672642	54.31740404	56.82855	59.32594624	60.329625	59.97232584	60.05739773	61.32918605	64.37579775	66.98019355	67.7352809	69.29965263	71.15585567	71.92360185	74.56454737	75.09964835	77.18782895	81.01306024	86.01370115	90.81062366	97.4677093	98.02717778	101.2593981	108.8328058	115.5250714	121.8231176	129.0928511	135.4619789	143.224699	150.9827963	159.4721359	169.5330957	-999
104	33.08416635	37.55162257	42.01540254	46.51102145	51.88020528	58.1228433	65.27992706	73.30851391	81.3491288	89.4374756	98.35178799	108.2328663	118.9101776	130.5455362	143.0367017	148.4703248	158.317056	167.2627764	177.048531	170.5808613	161.5768834	149.2910229	143.0028041	140.4097719	133.797708	128.8416929	120.2377528	118.8179602	118.759351	118.7927538	115.3351037	115.3138047	115.2504069	115.3483424	115.3754273	117.3836411	116.1004716	113.3356876	117.5976356	106.9258113	101.639088	104.1977341	105.0466276	106.2086148	107.3595381	108.3185952	109.3837821	110.2293813	-999
105	95.90953261	102.7206536	118.052718	129.285074	139.2978889	157.683562	177.0806517	196.0267099	213.1035466	209.3327683	224.5795538	243.0034148	275.0177549	304.0924699	327.1630252	364.2455753	409.6963285	458.2004177	490.8874686	539.083286	594.9597558	631.3956224	674.6200646	735.8136854	806.559833	867.4553273	918.5332785	870.0941646	967.1573402	1053.407329	1106.358774	1190.969079	1226.271291	1291.543865	1346.094462	1416.805137	1501.301214	1546.97618	1559.284019	1664.397743	1723.005333	1765.234132	1823.972759	1881.868161	1933.711319	1990.581652	2054.912216	2110.714554	2154.999454
106	127.5271364	133.1472931	126.9226875	114.5967664	105.4503706	114.9563986	115.0804204	123.143216	140.4104396	111.6157458	90.39908475	81.89216304	86.16818182	90.77515193	86.89865	94.43515603	102.0948619	91.7928254	115.5367023	85.34216099	50.24666	91.87436555	123.3779035	133.3772593	140.1320786	140.6161712	144.3455268	149.5309922	147.1865645	154.1374747	154.2010714	159.0929074	186.3826268	205.6226413	227.1930632	244.7600473	258.6360651	265.1653259	246.44857	241.0800969	263.9600528	281.9123733	285.1407755	286.2688951	288.2043645	296.5662963	282.2038526	285.9579218	-999
107	-999	-999	-999	-999	-999	-999	-999	-999	-999	-999	-999	-999	-999	-999	-999	-999	-999	-999	-999	16.29372441	15.01682353	12.93453113	10.93103013	8.73103155	8.256555556	8.844312	9.727230631	9.930401042	10.28887305	10.85406829	11.43414894	11.41643133	12.23383488	13.09866414	13.07994652	13.47274033	14.61612255	15.85123982	16.3040875	16.23752151	17.21093079	17.1700395	19.03934061	19.80758553	20.55984076	21.4781028	22.44101777	23.2692439	-999
108	-999	-999	-999	-999	-999	-999	-999	-999	-999	-999	-999	-999	-999	-999	-999	-999	-999	-999	-999	-999	-999	-999	-999	-999	-999	-999	-999	-999	-999	14.19680328	15.01434375	15.77489063	16.69836508	17.93827419	18.99563934	20.93770423	22.25949296	23.99227848	25.97292771	28.12922093	30.37234524	33.00202439	35.49447872	38.09346739	40.91992553	43.77580547	46.804032	49.8094162	-999
109	-999	-999	-999	-999	-999	-999	-999	-999	-999	-999	-999	-999	-999	-999	-999	-999	-999	-999	-999	30.88389145	29.0565152	24.87936151	22.02914634	22.49875831	22.09066998	22.65539949	24.69482991	26.23476797	27.04440146	28.50481667	30.32332636	32.44269507	35.20929717	38.16142347	42.34977654	47.23937647	51.92726708	50.24186076	43.02968263	41.26296429	43.69197619	45.72261438	46.70229054	47.68600709	49.24897842	49.99272794	51.78018605	54.05488722	55.4600582
110	25.17355495	28.32122159	29.5715787	30.60493868	24.71587446	10.62241498	19.46363291	18.9038241	20.65491803	20.98731546	21.11191	13.32950712	16.3357956	23.62059307	29.39577778	27.37070543	31.9984292	22.99648739	13.22368345	16.70992727	24.99598561	29.10483122	32.17546032	34.85708464	37.0805	41.30379257	41.63973842	43.25052754	43.01641644	43.60812112	45.24659226	46.79070988	48.27446006	51.39504377	52.83599273	53.66689811	58.62350459	64.0421098	70.65965693	76.22208333	76.84745041	78.95554307	81.19801961	82.55682051	82.89276094	84.3063245	84.66831761	84.82433779	-999
113	148.8354	128.7164286	131.5091591	111.1636557	120.425	146.4751587	161.7570758	165.5676667	188.9473971	189.1254731	151.4246917	153.9947109	146.5406331	134.4758125	135.3101465	120.3239891	102.4468604	110.3638018	117.9553172	122.4825735	141.8346133	138.135212	132.9526567	135.3650348	118.5385791	121.6615228	120.7004231	120.2152449	121.0124772	125.4032491	123.0080195	122.1298436	137.9274219	144.267602	161.4170337	171.3380082	182.0738411	187.4859333	185.816041	195.0686923	74.01096989	164.9306766	142.896497	108.4845256	98.83817031	96.13884211	121.8332818	131.5370951	-999
115	-999	-999	-999	-999	-999	-999	-999	-999	-999	-999	-999	-999	-999	-999	-999	-999	-999	-999	-999	50.57326688	47.62074861	40.73602542	36.08529343	36.90751918	36.21080054	38.12250959	41.2082462	44.39348447	43.9111845	45.42996889	48.52772768	51.80685308	57.26749215	60.85926316	65.84101058	70.63279096	78.29632716	80.32321019	68.71891566	69.57466102	73.88008974	76.36641722	79.33462044	82.38462992	83.7323254	86.00004	89.76370833	92.79076667	96.83190261
116	11.40737673	12.15507994	13.16828453	13.72070694	12.81606439	13.1425684	13.35761546	13.89692738	14.21482422	14.34374654	14.25765765	14.42350365	14.85504823	15.77143214	16.22497802	17.82589502	18.55386024	20.10757026	22.0756971	23.25891558	25.2547236	25.74327594	26.82544737	27.82587601	29.48296057	29.88713309	31.57951822	33.43461502	36.36474146	39.34180976	40.2307963	41.85251786	42.46740948	44.04824706	45.42805929	47.88894068	51.71080676	51.1545625	48.95592233	51.27012981	52.572885	52.34073604	54.34135	56.63517073	59.09169128	61.60856522	62.97207299	64.84557246	66.2033036
117	-999	-999	-999	-999	-999	-999	-999	-999	-999	-999	-999	-999	-999	-999	-999	-999	-999	-999	-999	20.85262864	19.54252214	18.27278728	16.90735616	16.60203976	16.41441897	16.63152614	16.86391747	17.42131408	18.19578893	19.02256027	18.44811064	18.68629195	19.11054545	20.00605152	20.98186353	22.06182178	23.46649749	24.729729	24.64356232	25.52053988	26.06479202	25.93751622	26.71326531	27.64668401	28.76479032	29.5635234	29.6782	30.40416228	-999
120	56.63185841	62.06133498	69.27868617	75.07148768	75.42871163	84.06487619	90.70459585	96.7738806	106.0644683	113.9511779	121.3585646	128.9584854	137.0071442	147.2297206	146.26936	147.6869132	155.4946129	170.6677847	186.82575	203.2896516	222.8399033	242.9237529	266.7710472	290.8185139	319.6383293	351.0300502	377.1080039	348.9809536	370.5353693	403.7155965	405.5409562	427.3636182	453.2170853	483.7376667	509.2899837	537.5566445	570.6931827	598.4578145	589.6169618	632.86967	667.2186411	703.5050657	737.5667774	780.7990284	821.7904254	858.4719127	908.4823017	950.1564708	-999
123	1.629544776	1.725616667	1.797294118	1.977861035	2.359887681	2.762272388	3.099234127	3.448045113	3.812457265	4.083386831	4.215741573	4.309656667	4.275303965	4.322723127	4.437049808	4.606540541	4.803503667	5.202525547	5.628271845	5.980922481	6.352304598	6.653530675	6.946225248	7.351771261	7.799498361	8.098738676	8.545370242	8.96034717	9.411117188	10.04320755	10.0772834	10.39648879	10.64497959	10.69141975	11.1097161	11.30836325	11.73635498	12.13683929	11.87012796	12.28845714	12.46336893	12.78257075	13.367	14.49127778	16.04019417	17.06135443	18.27143373	19.3435625	-999
127	2.811505376	3.054168421	3.416208333	3.71153271	3.738053097	4.651780952	4.944464912	5.119415254	5.32372807	4.769566667	5.076666667	5.31688	5.367716814	5.590034483	5.99527451	6.574491379	7.144	7.636237288	7.984716535	8.559507353	8.940314286	9.520467626	9.993727891	10.44273793	10.84936364	11.52945	12.12084328	12.88915108	13.24340361	14.30512353	14.74467241	15.01501724	15.88768208	16.58843713	16.92431429	17.66960428	18.75798895	19.69759091	20.3768631	21.29153488	22.19061585	22.99566667	23.71447826	24.53208696	25.39203205	26.37793464	27.46709211	28.51310345	-999
129	538.7821379	584.8888791	632.4237634	671.6401204	708.2010632	740.7912704	763.8781436	830.2167951	905.5343251	978.9658086	1065.720223	1056.714739	1012.831398	1049.030529	1076.579634	1038.429203	1057.078936	1070.361353	1115.121685	1173.317502	1222.870102	1263.685691	1310.074037	1374.865929	1289.099292	1379.107575	1468.282314	1548.754457	1591.942754	1665.442255	1661.753097	1658.180491	1680.878161	1752.415261	1792.978848	1872.193838	1917.562345	1931.286231	1832.731009	1923.407581	1993.276511	2069.622865	2101.058439	2160.2211	2223.20196	2288.081431	2347.325984	2385.385128	2382.456789
130	-999	-999	-999	-999	-999	-999	-999	-999	-999	-999	-999	-999	-999	-999	-999	-999	-999	-999	-999	20.71378223	19.47705384	16.67887143	15.078375	13.04040132	12.37564412	11.65474886	11.84514122	11.0681916	10.69106437	10.91292321	11.58012014	12.50119928	13.30941239	14.30023092	15.37498228	16.09840257	16.59925446	17.90789781	16.81749078	18.01939229	19.08094217	18.96180049	20.63225538	21.70442216	21.59122507	22.54587135	23.59775235	24.42315031	-999
132	-999	-999	-999	-999	-999	-999	-999	-999	-999	-999	-999	-999	-999	-999	9.959344623	10.89782864	11.26856073	11.84749136	12.33784463	11.95434358	10.90954498	9.898661515	9.584205835	9.793224548	10.41242218	10.65364532	11.06694909	11.43553629	11.7853425	11.91806516	12.2703786	12.85240915	13.74658841	15.2091616	16.32232987	17.71692672	19.53003177	21.27659437	20.9901938	22.33733491	26.17217311	29.43592548	32.83256194	35.4537332	36.26833051	36.69615714	38.62925852	41.43182157	-999
134	41.9003121	43.03904762	44.54409091	47.15721762	50.58854974	56.14803175	59.42452041	60.70916585	63.79715789	66.11955556	65.07062441	70.82534634	71.81350704	76.25173171	80.95846269	88.21068947	88.01063077	98.71893407	101.1291146	105.1113957	112.5955902	110.1194925	109.3064115	120.7659227	114.3589211	128.533665	126.1586385	135.7073251	137.1969198	139.3893019	149.739507	154.3426944	163.6984406	171.8213803	177.4473665	190.2603146	197.8461435	209.604	217.9539899	226.3262537	238.2710235	245.2487277	256.3146567	263.6486355	275.4757811	277.8819246	289.2932985	298.9585838	-999
135	7.48352551	7.721619186	8.152891176	7.286517711	6.319053191	6.022193548	6.073168421	6.126947692	6.212531148	6.47328453	6.802595318	6.328190476	5.329266254	4.97919322	5.030615385	4.920160535	5.633114943	6.100707819	6.513598214	6.574733333	6.895664122	6.459208333	7.153145251	7.605397163	7.811061224	8.638515873	9.663701613	10.60305505	11.81743299	11.97928182	13.45170103	14.62129787	15.70677358	16.91163	18.03475	19.79862195	21.44734783	22.97022353	24.32912088	25.84230435	27.96412871	29.80069318	32.12247826	34.37559292	36.72179562	38.02288722	39.47640299	40.7512069	-999
136	18.72385892	19.1881179	19.02120994	20.0280597	20.89078723	22.18737566	23.47759162	24.93374194	26.32725967	28.33663687	30.20631325	31.79124074	33.20056667	34.91534395	35.84299375	35.43027485	34.20626515	30.13383099	31.42780451	32.34920661	31.957725	35.25556897	37.209464	40.12250735	42.84784713	45.54623077	48.21434932	51.08917105	56.40020395	64.45893056	71.30483478	80.02166337	91.60063393	103.3593438	117.7322809	133.083137	148.7805588	165.3971739	180.349675	197.661125	213.2227368	224.4433333	243.8376296	262.471	282.8307576	298.5582	320.0517789	338.9816882	-999
137	-999	-999	-999	-999	-999	-999	-999	-999	-999	-999	-999	-999	-999	-999	-999	-999	-999	-999	-999	-999	9.473584746	10.15065	9.96184507	10.16252174	10.55592262	10.86819774	11.34211494	11.73001163	12.1408589	12.53096129	12.67875258	13.3039625	13.81593902	15.55306536	15.98406962	17.12625676	17.94291096	18.4697375	18.48306707	19.66446541	20.67918182	21.6344902	22.84218182	24.43068667	25.86603311	26.07779085	25.91929412	25.71538411	-999
139	11.88525	12.36290476	12.32278125	13.35421429	13.27725	14.36758824	14.4375	14.86242105	15.64665517	15.27741176	16.46388889	16.92263333	16.49088636	18.03959091	19.00882759	19.98259459	20.20035135	21.75917647	23.14008	24.19427027	25.61106818	26.45146512	27.62844681	29.9315	30.93245614	32.750125	34.43222951	34.96130159	36.66678049	39.24201266	40.85581707	41.08963077	42.71391176	44.20877049	45.88359701	48.09359615	49.57961538	52.40356364	54.362	57.24786111	59.5262973	62.1472375	65.06330263	68.38114943	71.1779625	71.45984034	77.22165152	82.254	-999
140	318.4017905	326.8368876	345.2327791	360.2797275	360.5519399	378.2889624	384.7818667	393.9727328	401.9815197	415.4780086	411.6835603	406.3835934	415.5179013	428.1935222	439.3546762	451.954869	460.0294747	476.2058571	496.3001458	518.5081263	530.3867103	539.2065088	547.0083646	561.6062079	580.0806383	599.3802561	625.9705321	654.5861378	687.6363761	718.2992089	733.8780441	735.2583348	735.5804286	749.6013493	768.3011927	792.5356505	824.6999899	840.9335357	808.4450051	820.9728029	833.7477632	827.1351842	825.2156158	835.2107598	853.2887405	873.1170055	894.3202184	919.9325488	933.3575359
141	0.946980231	0.971000069	1.026993288	1.071025937	1.071946693	1.122946791	1.145000938	1.171974463	1.194966289	1.233996871	1.224939519	1.209061661	1.2339212	1.271942194	1.305174405	1.341084296	1.366795517	1.414205317	1.476802599	1.539429809	1.575950969	1.603238229	1.623310754	1.671512723	1.723515052	1.782288011	1.85791596	1.930920398	2.022023961	2.101271402	2.142324498	2.142615598	2.150736133	2.199174554	2.243867492	2.31997358	2.411414938	2.45626514	2.360029447	2.401675809	2.431476232	1.642166774	1.656103743	1.685249354	1.668141772	1.652045055	1.653773352	1.649461766	-999
143	59.74220796	62.8885813	67.5977004	71.86250826	70.51369528	71.28592941	68.31514599	68.48108647	70.20920172	71.01605172	74.22815525	75.07961506	77.52785837	81.22796916	82.55495633	79.83812946	81.05647458	82.96605691	83.12318623	83.65126154	82.33576493	83.52753684	89.0468365	93.40054331	97.88909465	101.1354553	104.3213423	105.4640119	110.9536561	113.4007373	117.7124318	123.4069721	129.3614567	133.6326901	137.892209	141.0906234	146.5825991	144.5799351	146.8752899	149.0044631	152.8077927	156.8981055	160.064232	165.2218032	172.6262928	178.9507353	186.2823295	190.9743212	195.4261896
144	15.20016327	15.42164646	16.52178218	18.75323469	18.71455556	19.8617757	21.40381967	19.80557143	14.50566667	15.23722034	16.06964957	15.82252542	16.60660169	16.27903636	15.67466957	15.55885401	15.39258333	13.53783803	13.29282203	13.23179856	13.2559927	13.30893711	13.22244304	13.67273143	14.44662069	15.38953757	15.97111732	16.62417822	17.76082723	18.44844792	19.01605641	19.16207	19.64333962	20.68974396	21.62636508	22.48925654	23.68751064	24.44110345	23.6440565	24.72404624	26.27335088	27.95645912	29.41698611	30.73439041	32.25687097	33.60707895	35.1364589	33.83903425	-999
145	-999	-999	-999	-999	-999	-999	-999	-999	-999	-999	-999	-999	-999	-999	-999	-999	-999	-999	-999	-999	-999	-999	-999	-999	-999	-999	-999	-999	-999	9.168943662	9.798575758	10.07428358	10.55785714	10.58654795	11.15369697	11.76824194	12.17681818	13.37171429	13.19040741	14.30373684	14.6787234	16.37019298	17.28138835	18.41115888	19.34608911	20.33086458	21.34102083	22.65855	-999
146	259.0494091	263.2549231	280.5717667	317.2436897	292.3358108	318.8803953	343.0577755	319.7494688	345.4460164	357.1086056	311.3883297	291.0812727	258.1686641	256.224521	271.667	270.5418929	278.3843482	299.5601376	306.9685093	342.2391829	342.5272604	360.1723909	351.1378738	346.5166477	345.0030211	360.5978515	369.4626964	379.0506869	382.0227573	401.5240917	424.3468621	488.9791058	524.9157379	574.674883	608.1511398	650.0715443	691.5434058	735.3512361	802.2839636	862.1042273	909.9363151	940.5782	1011.068575	1071.271964	1100.197973	1079.293141	1088.370114	1109.290064	-999
149	88.46558462	93.11764427	97.368275	101.3327946	106.3212703	112.6354844	117.1073656	122.0007252	126.8651322	132.8560195	134.7560159	135.1437278	141.0964277	149.1718274	157.2360119	164.1718343	167.1604606	166.0648802	168.2791863	171.6713188	176.5606871	182.6743038	188.4656173	198.2466605	205.2837843	215.7691267	227.4498733	233.7041111	238.5946346	245.2247231	251.0628397	253.9374141	257.8697868	267.6209774	273.8134048	281.4453175	288.302384	291.7822231	285.46692	287.8379712	289.4510379	299.3838306	300.2989756	308.3698833	312.9582689	317.7465217	323.5484091	327.6362545	333.8616769
150	17.09453333	18.76971429	16.15594444	17.95912	21.88606061	26.60290476	26.74418367	25.75706667	26.98797143	28.8249359	33.43136	37.73780769	43.76401124	50.83692857	58.10606186	59.34257143	57.35899091	60.80352294	67.78991089	67.74946	71.96115816	78.10882456	82.77623684	85.65380822	90.13292025	92.75335404	98.60432895	101.1804901	101.0889422	106.3495052	111.1878454	110.1471518	107.1439661	108.7077706	111.4238673	117.1172708	122.2352007	132.5658974	140.2911304	147.2516505	145.7322321	159.1166968	166.4203196	170.74	179.003014	187.7017188	188.2006474	191.5681003	-999
151	121.1649313	122.138916	130.6896462	136.0535076	141.713773	149.1571016	154.9736794	167.5865276	172.7217368	191.463189	206.8196693	219.3935865	233.839771	246.7701791	264.4836667	279.017558	297.3444934	320.3569608	336.9312658	352.0377799	368.6892387	398.45525	404.3921092	419.2995345	440.2707167	461.9048596	465.6308207	478.2871492	496.7279372	515.765306	527.0779337	543.9360556	570.9623011	612.55225	660.7452759	698.9731629	733.0554731	745.1671371	768.5509483	778.124247	801.6567178	831.8916604	864.1683961	905.7465577	947.7267107	1001.522867	1060.233694	1121.883474	-999
153	11.84070476	12.37462326	13.02493304	13.35546188	13.58182895	13.80619643	13.95762273	15.27453684	16.0184712	18.08068323	19.70696875	20.85834507	19.84856725	20.38655072	21.50107258	22.17145968	21.81367857	18.821	19.19276154	20.67274194	22.69228788	24.49835417	25.91006569	26.56928873	27.09709272	28.28204795	29.91690345	32.14985119	33.48992857	34.35049296	34.52734706	35.38829167	36.81970714	39.5299313	42.58180892	46.16630719	51.51033577	56.59843103	57.39122143	61.00055319	67.88893431	74.11489922	79.39359016	83.454696	87.91266071	92.67127103	97.86108333	100.8982065	-999
155	10.77632075	11.47083636	12.33514035	13.32338	14.35802041	15.28562745	17.19795385	19.20130137	21.37406349	24.05444643	26.17314	25.71954902	24.98224	25.8517037	26.84743396	28.21940385	30.40688679	32.35966667	34.53969811	35.73757407	36.94833333	37.57203333	39.50757576	41.49827027	44.73929487	45.37355263	47.33075309	47.28932941	46.287	45.57866667	44.92993421	44.86885	46.99994937	48.87457143	49.6095	52.24265217	54.95451471	58.98256716	58.58182857	64.75613514	67.78602703	66.94861644	72.60024286	76.74182857	79.17978947	81.96460241	86.00774157	89.6233	-999
156	99.93550649	103.3738456	109.8147027	119.8003014	124.9341164	126.8069041	127.1758741	124.0648176	129.7178108	136.9298322	144.5472653	144.3068562	128.8066957	133.8214892	136.7569924	149.8552016	164.5795433	148.7076643	130.4590608	123.5577613	126.9931438	125.7206104	132.6563311	148.909971	159.6619041	164.6164359	175.2595655	174.4382643	176.6865132	182.087	182.9865338	193.3741818	200.6105887	209.9875328	223.6944375	241.6538793	262.0712119	286.2567561	288.1477328	312.3609549	332.7479259	352.744296	373.4083884	381.8318016	393.0974841	410.9188819	421.6500085	438.9927105	-999
157	132.9191117	140.3417386	153.0636298	158.1087857	167.1456971	181.6397813	191.7278284	201.9436946	213.0355732	224.9744069	231.8864812	241.1871473	245.9489704	227.6004692	210.5645396	218.4356048	226.6661088	243.0382431	258.1259296	266.0925594	262.9569155	265.1246429	269.9763681	281.9135714	295.1418402	312.3499648	328.7949381	327.5205425	337.1827136	351.1901959	362.9823529	375.5390281	394.4504571	419.8043512	441.3682222	464.8751844	493.0117286	515.7931087	521.6632409	558.9014348	580.2647388	618.5252538	664.0724593	703.7811029	747.4186835	796.8873889	848.910698	905.0646712	-999
159	313.714333	336.6030888	361.6074636	383.0530012	401.0650947	410.9804036	419.0469721	434.4715299	416.5294821	418.513339	376.7432939	358.8128636	378.5954457	400.1031357	421.9702627	440.0463155	447.2358407	464.8585048	466.2597993	415.3754205	386.3960781	396.0496565	410.7507952	432.6093662	462.9692194	491.0002644	522.2380155	546.5500736	572.4009112	598.3292913	605.1153795	618.4046937	640.021714	672.8911497	697.0849529	738.7965635	791.4591395	824.0366202	847.3022471	878.5522086	924.3535518	936.7231861	949.3723344	983.3062359	1020.608014	1050.936953	1104.061202	1162.538627	1210.137586
160	109.02	118.2926504	131.6385041	132.9649677	126.9796479	135.2997413	143.1444962	147.4330075	155.2408369	162.6924521	165.84622	169.13134	168.262271	165.8334702	169.6802057	176.9587338	188.8295714	203.2484296	215.9208547	224.2165207	233.7082249	237.1631957	231.5097717	234.1003191	243.4595361	251.9694278	263.16985	276.9342181	287.5893793	298.207134	303.9818684	306.9397861	302.6998723	309.1742021	311.6030355	317.1059888	323.2639645	326.1261605	315.931869	321.3603716	315.804906	302.4523709	299.5972877	301.6553169	306.737902	313.9216892	323.5669809	332.7134366	339.793886
162	36.72908197	41.1631	48.68208451	44.09651471	37.32975	42.94481481	38.54673333	42.10610989	43.73442254	43.36721118	41.56336275	38.2419917	36.20979545	41.95012598	36.47008532	37.86380399	38.14671475	40.01447508	42.06458033	35.93060983	35.29960668	39.27699457	38.75599239	39.35252941	40.26722249	42.08289021	54.64285185	60.79371429	63.35559551	68.57343871	71.13088924	76.31979023	79.1453125	94.39396942	101.5647615	127.7861595	151.1908935	177.7344242	198.515876	238.2121202	269.9785408	282.2786895	294.7202769	306.5356335	317.1376984	324.9482262	329.4408164	334.5949462	-999
164	119.5742096	132.2267899	146.0582873	163.8825631	180.9528134	200.6658497	222.9478391	240.183405	252.4673997	260.8369868	260.8786496	271.0787834	287.3090643	304.71223	304.6621324	311.9681785	314.2726057	312.5609145	294.3420419	277.9976264	242.0416278	220.9820682	224.2297637	233.0325539	247.5532947	257.468936	244.8307916	239.9915448	238.7764207	244.9489347	257.2976394	272.3032066	278.6599713	307.3479672	321.6411563	347.7582591	372.5075403	408.3896233	385.2294378	369.9280842	377.847528	385.1887304	398.3465345	412.4498976	429.3738889	450.0836887	481.5561905	500.4988112	-999
165	-999	-999	-999	-999	-999	-999	-999	-999	-999	-999	-999	-999	-999	-999	-999	-999	-999	-999	-999	3021.694232	2867.710427	2452.250421	2238.551358	1956.360662	1876.669315	1805.051014	1830.261013	1734.387366	1845.245338	2028.052664	2134.109952	2234.529015	2397.906499	2570.296183	2734.127557	2957.120508	3208.630232	3377.90942	3111.622255	3253.676953	3392.691116	3518.489593	3581.125941	3608.38403	3519.399617	3537.605616	3590.586159	3673.667718	-999
170	396.208625	480.3302	605.7254483	696.728	625.5248611	740.1749429	800.9086047	755.0054714	846.4368276	895.8291622	911.1525323	724.8870925	607.4887793	580.6568119	523.5653511	610.729701	571.0384123	646.6507336	642.0710651	740.75475	850.305027	884.2346891	873.5387343	877.3024864	879.1426606	904.5645511	914.2994222	941.0401923	904.58642	953.7261382	941.8481462	918.4122662	1020.467096	1101.988586	1160.592379	1196.392045	1215.192241	1294.906459	1264.823223	1331.980239	1462.43199	1544.602507	1586.405236	1640.59655	1708.661469	1736.145263	1727.836288	1768.548112	-999
171	12.15743	13.02969792	12.20467257	12.77917391	13.75433333	14.96652679	14.545888	13.9915873	14.91705344	14.47251773	15.16889394	16.32220339	15.5075935	16.06285039	16.59919531	17.16516807	18.14819298	18.04799083	18.73132432	18.7139386	19.17552252	19.35250833	19.69124348	19.71787288	20.65440833	21.1168374	21.728	23.12982609	24.52291034	25.33451079	26.45310345	26.64358503	28.43042537	29.99268919	31.68632192	32.62772794	34.11715753	35.50193878	36.3130473	37.64284828	38.04223684	40.15321986	41.32426207	43.90797368	46.85915	49.62080488	53.33426027	56.89878873	-999
172	-999	-999	-999	-999	-999	-999	-999	-999	-999	-999	-999	-999	-999	-999	-999	-999	-999	-999	-999	-999	-999	-999	-999	-999	-999	-999	-999	-999	-999	-999	-999	-999	-999	-999	7.710761538	8.3819	8.967551282	9.584747331	9.054305699	9.29571223	9.604799242	9.326372	9.648114894	9.816030973	10.16502155	10.46036634	10.96089655	11.49393607	-999
175	26.11728879	29.59844262	32.74997581	34.83275309	36.22203863	38.81517447	41.54724898	44.69836882	48.93209266	53.86192766	59.87330531	63.96413699	69.63852995	75.48310577	75.13365158	76.14155204	84.47910294	93.83091905	103.3888284	113.6078745	121.4138645	129.2628189	144.0806215	160.2479114	171.6066621	184.3067751	199.7991571	194.9847737	206.5688415	225.2275294	222.3877619	231.9710169	241.5043038	265.8977047	286.057	312.3663613	338.8143274	346.1586306	346.7121696	396.3889346	422.3292075	441.336202	462.2926737	478.0572473	494.5218478	507.222956	526.9915667	544.3809425	-999
176	55.2071875	57.19657787	59.12256999	61.17171345	62.99810073	64.34418851	66.89081443	67.89567962	68.45053652	70.15948428	69.69661332	70.89962282	71.70314966	73.24390872	75.78454596	78.91151908	80.93803631	82.39713505	83.44083826	81.20273185	69.37504052	64.72423699	65.99227287	70.09840069	74.12882914	78.98867308	83.7927551	87.18395374	87.06983857	88.02441766	90.91977129	95.10404381	100.2939544	105.5785773	112.5747825	122.0209498	135.2471894	142.8377984	135.3069046	142.860657	146.6738527	149.5267033	150.6417062	155.165367	162.6780055	165.7126703	170.4339259	177.7001011	181.4818025
177	-999	-999	-999	-999	-999	-999	-999	-999	-999	-999	-999	-999	-999	-999	-999	32.16302851	31.8386772	30.9847706	31.13621749	41.24621341	37.57337758	35.4431567	36.44917582	38.43986337	39.95429261	41.26096667	43.42069318	44.77081845	47.20763725	48.9580453	50.42393898	52.18390657	53.83507194	56.21725092	58.27569057	61.71601953	65.91079498	68.28577236	63.22042678	63.83039256	64.5493431	62.69367089	62.060869	63.781725	65.33230612	67.25558416	70.41752821	73.33370968	75.12543908
180	250.5806204	254.921964	266.3620179	282.9311481	287.5339249	294.223616	293.6392554	302.8440886	314.0045292	335.0658569	352.8316463	351.3196065	344.9416849	362.4452813	358.4448842	358.612299	365.6286667	381.4756324	390.1962652	388.9022998	385.0031452	376.629776	381.8236462	393.9002746	405.8960531	423.2285526	434.3189052	436.4524679	447.4380538	465.9918472	478.8056324	495.9601472	510.6566496	533.8662048	562.3918701	593.9079032	625.3829217	645.5912818	635.7093828	654.6506106	676.7345084	691.1480966	708.5421279	721.8136482	729.6496139	732.7892688	743.7059983	749.5149772	-999
182	548.7902857	592.4418104	639.3609037	676.70113	680.5372969	701.2757154	721.4944323	733.2353795	731.2675397	748.0085221	748.982937	756.0386762	770.255127	783.9262061	801.0371343	828.6893131	873.1502647	920.3930305	964.6233301	998.1638128	1026.340176	1037.05415	1025.447138	1048.080749	1076.449311	1106.520802	1144.918117	1200.027381	1250.571161	1314.076981	1371.45475	1408.641464	1447.931407	1491.917416	1544.952671	1609.090411	1672.589609	1683.554897	1624.033788	1627.665776	1615.083939	1559.949473	1537.002131	1557.47494	1625.441711	1673.327465	1716.134574	1765.183582	1795.783338
183	29.33928723	28.98259829	31.27332743	32.4382809	34.25102597	35.34326316	37.24515385	39.26884706	41.6706092	44.19021951	46.9934	49.07768605	51.09895402	53.76957746	56.2101129	59.20156897	60.07577273	61.74585246	62.93180702	66.84014545	69.50245455	73.37647761	77.68987097	82.94723077	86.57449206	90.67884091	95.78755422	100.6759634	104.6273333	110.7651368	109.5091895	114.3592396	120.6996869	126.9448454	135.2819192	145.4340988	155.8705904	163.8270946	170.0907647	185.2053731	198.2857432	217.1317568	225.2568361	237.7484648	246.7073165	258.0069383	268.4937108	278.458	-999
189	27.23814407	25.82106061	25.98132571	29.04433333	33.465875	39.34903704	41.39437805	39.00240506	36.98630588	37.81803093	40.68579545	42.83144186	43.66477907	41.65015	39.0235098	41.23746316	46.90415625	47.10693548	51.33787013	48.14207273	52.01683516	55.343175	58.31773585	58.17165823	61.55111429	65.14671429	72.49154286	75.81616393	78.32438462	83.12337879	88.49113235	94.45262025	101.89992	104.830575	112.8136136	124.8254343	138.498125	150.1725208	155.1315895	159.1863368	156.1101648	157.5769205	163.9846125	168.5093133	177.8359239	185.5791863	193.6497629	188.3141818	-999
190	-999	-999	-999	-999	-999	-999	-999	-999	-999	-999	-999	-999	-999	-999	-999	-999	-999	-999	-999	-999	-999	-999	-999	-999	-999	-999	-999	-999	-999	4.927237288	5.143796552	5.277048544	5.608130233	6.093611607	6.35845977	6.734735426	7.062933673	7.366974227	7.592058511	7.995939815	8.437166667	8.685289855	8.918501992	8.970397924	8.642576923	8.161681159	8.304936	8.469945607	-999
192	188.6148391	192.8960376	200.8707764	206.7956865	212.4770054	214.6510275	210.9524427	214.9137978	223.1368914	227.0811211	228.2729207	230.8311794	234.8919872	245.6373318	250.5828927	256.9207296	266.1817339	272.5117255	279.2990688	281.4990324	278.0067644	275.5293267	270.3067268	279.9015268	291.9736821	295.8407536	305.8509185	317.9467556	332.1056391	346.5964333	352.864469	361.2583493	369.8405342	384.6274338	394.2835081	412.6462783	428.0122991	426.2208762	408.0014902	433.3976759	445.6657526	442.0773152	449.9456782	459.7059878	482.8879744	489.9760921	504.7343014	515.1475373	523.4062855
193	266.5672123	275.4399021	282.8016184	287.3645373	266.3292826	262.459551	268.937469	271.0051959	276.0921429	288.6922426	295.437528	291.1834167	291.5905299	301.1530234	311.736791	318.1217099	322.7369597	332.2775833	349.3363894	360.5799735	358.8331653	357.3324836	358.0950086	361.4553214	363.5998772	363.9223966	374.0119818	384.1467568	390.2009909	407.6093981	413.3015048	414.6763762	411.2902952	422.6399029	435.6802079	454.4402813	473.36625	484.3198202	475.2343523	485.9867528	497.0542658	501.9768519	507.9045122	525.6189583	533.0784143	540.5367857	550.1822687	566.9009365	567.5525313
194	8.865676998	11.08436853	10.12471047	12.58509009	15.04648816	16.67694794	16.46554828	17.90375485	18.55269124	20.78950422	22.55197398	23.11025905	23.48316687	21.95609761	23.56594934	22.4373369	22.73495224	25.62130189	24.07087475	26.56581463	29.4058539	33.32203416	35.78558481	37.74405263	39.81190921	40.9634988	40.51976761	42.79401938	41.46171995	42.41522337	43.96237288	46.56737427	45.5988303	48.72960092	51.75817231	54.40897217	57.46507375	60.074	63.56828317	65.75261653	54.81153061	56.15370988	58.82528601	58.71787703	48.95142268	42.27146769	39.78210847	38.69242793	-999
195	-999	-999	-999	-999	-999	-999	-999	-999	-999	-999	-999	-999	-999	-999	-999	-999	-999	-999	-999	20.6719925	19.19181698	13.61806364	11.38352154	8.955246951	7.858194888	6.535958702	6.655392	6.997159898	7.269833333	7.857480144	8.636036735	9.563926606	10.57487879	11.69361682	12.48525	13.34303665	14.42023611	15.51597368	16.15227273	17.18585821	18.45969466	19.80941096	21.32707092	22.72085876	24.0674	25.72743602	27.69505687	29.80973684	-999
196	20.04314286	21.29374026	22.007	22.44804478	23.81552542	25.52462963	25.72275926	25.63084483	26.74457895	27.59646296	27.75407547	28.096375	28.513375	29.54678723	31.13310638	32.84319149	34.95597727	36.02670455	38.14402381	40.74409756	41.110925	42.01407692	42.380925	42.41692857	44.50082143	46.25315	47.91114545	49.5225625	51.88864286	54.36691667	57.62275	61.84952941	65.78542	71.33828125	76.39810448	81.09251471	86.53419672	91.592	95.88709259	102.0601186	109.7041818	115.3297403	123.6681625	131.9421233	139.6395067	148.8734769	158.1375938	166.7764355	-999
197	102.1571635	106.2449477	117.0464915	122.176929	128.9728415	140.1999651	154.6092601	170.50075	179.2822067	188.5121341	199.7486074	210.3382162	221.7509615	234.5590185	245.9565556	259.7504251	284.0663693	322.6289774	361.6268525	402.4080995	436.9561068	471.9646298	509.9085806	551.4314107	595.4828936	628.468652	612.0637072	565.990969	592.6528984	619.0467398	639.975632	677.607684	725.8697869	772.151502	804.0313414	843.8324477	891.2600553	907.9296667	900.9091739	967.167316	977.0064714	1047.976465	1075.751961	1083.978622	1121.319457	1155.895664	1201.112764	1255.367396	-999
199	3.094414414	3.358775701	3.462602273	3.639546667	3.733717647	3.633337838	3.884284091	4.324164557	4.13016	4.698025641	4.5542	4.374434343	4.160930556	4.364	4.636	4.725911765	4.714351351	5.020673267	5.238632653	5.229009091	5.190207921	5.0002	4.218166667	4.868677686	5.267245455	5.7276	6.549633663	6.400139535	6.541706587	6.49909589	6.403803279	6.312622222	6.648554878	6.773730263	6.880028571	7.154701613	7.317270492	7.613027778	8.013954225	8.509135246	9.073625	9.67122619	10.27451613	10.87783962	11.47943182	12.06992683	12.67439394	13.23615596	-999
202	10.95704286	11.57023679	11.78280249	12.22212941	12.39886179	13.19038677	14.38171186	15.84471429	16.3927313	18.09687784	18.96226842	19.66731092	17.65108245	16.63463793	15.95696163	15.41168397	14.70909836	14.14461355	14.01249446	14.23632432	14.6796297	16.14238933	16.06205306	16.62306804	17.25897674	18.47256957	19.89437991	21.49402268	23.23512745	24.79018367	25.85656845	27.92368793	31.90905319	34.48193172	36.63127312	41.4518141	43.41411404	44.84695581	42.88493039	44.38615645	44.1708791	44.72297835	45.761603	45.3293141	46.22357079	43.32271324	42.26311511	42.12873039	-999
203	18.88592893	22.25824731	22.14680628	23.904795	25.64210053	27.6142957	28.57846766	30.40718932	32.39619912	34.73742544	36.67643694	36.5693871	38.16838075	40.37123176	42.75010177	42.06168644	44.92943694	45.0277875	45.75850588	49.37544534	51.36696311	55.34754167	56.62747107	58.20627426	59.72759574	63.94829437	67.366869	70.60444737	75.0908	78.39039556	81.53421586	82.33795111	86.51524057	91.56876442	94.98912195	99.82216337	106.4887056	111.4166508	114.2674108	118.8447398	116.4654764	121.002134	124.4474263	128.3899128	129.3681667	131.3142917	133.4539388	137.3866649	-999
204	287.8393034	308.5259937	317.8008072	337.2336463	361.4013879	399.2492036	412.69188	417.3340743	414.4528773	404.0822486	425.9091198	440.7340398	462.6752278	492.781809	512.6799516	549.5113564	601.745836	614.3233616	615.837352	674.1249267	679.2583351	718.5641	778.849918	734.7282094	789.8486103	844.9391386	905.2204112	934.0186021	903.8649949	962.7584163	904.3620693	962.98795	1020.79702	1115.006247	1219.678226	1305.671842	1372.10199	1380.815584	1312.900291	1424.648894	1586.691702	1667.194246	1804.927924	1896.120654	2006.124258	2078.98438	2227.241706	2295.268742	2321.310405
205	-999	-999	-999	-999	-999	-999	-999	-999	-999	-999	-999	-999	-999	-999	-999	-999	-999	-999	-999	32.7317478	31.204327	26.53751536	26.94108539	22.28723051	20.68156281	22.06982648	19.54067433	20.93136545	24.39156957	25.73072491	26.8454228	26.9016107	27.78547864	29.17939073	32.97004524	36.58880223	40.63545269	46.62341536	49.46436634	54.0035759	61.98070812	68.84376047	75.81598264	83.66537578	89.05229768	94.61121811	100.7272613	107.0172121	-999
209	-999	-999	-999	-999	-999	-999	-999	-999	-999	-999	-999	-999	-999	-999	-999	-999	-999	-999	-999	580.1338913	531.3219413	479.6302059	411.4498456	317.1265398	278.3699487	250.5100277	242.9752297	238.3359246	237.9828399	252.0203279	275.2334866	289.5420798	317.1034311	355.4831197	366.0203829	393.2877813	423.2053651	433.2372335	369.3758432	383.5693309	404.0722977	405.3376361	404.8897466	378.5363021	341.6973843	349.7812	358.3682741	370.3190143	-999
210	38.486875	44.57631034	80.83805	93.64263889	98.38346	115.8365818	139.5163684	137.6407753	166.6546897	206.6803656	215.9904537	201.275189	192.8900703	200.4337862	192.6135135	163.993541	169.3951149	165.2208145	185.521125	219.7085424	221.4793745	228.912587	231.8674319	247.3863509	263.6506477	279.6297308	302.7089209	303.6349845	312.4783062	345.556303	351.0976894	358.5226705	390.7841581	428.9064327	448.4087863	494.0634936	509.242832	525.2903978	496.799786	505.2742124	539.7555085	565.4916577	593.1979899	618.911593	650.089101	669.2360209	673.1610034	685.2134555	-999
211	1045.685039	1091.030886	1161.60985	1131.539428	1116.359841	1148.11674	1176.408155	1226.324436	1271.704018	1245.794764	1234.843764	1262.014434	1313.141451	1344.144625	1400.889851	1442.05346	1520.592019	1607.81447	1648.830901	1664.818215	1642.607669	1649.158846	1689.865901	1755.791221	1802.794463	1847.089433	1917.212071	1986.599552	2056.019618	2124.745257	2184.911167	2236.812597	2309.401022	2370.626507	2438.755362	2513.678679	2570.113389	2565.136889	2460.341642	2508.557953	2538.605942	2577.890955	2629.427782	2706.37545	2774.799627	2820.85528	2879.550208	2912.087645	2949.74911
212	5354.601101	5638.834518	5953.16097	5926.869308	5910.229554	6230.537906	6514.469548	6874.845363	7101.050725	7081.339151	7254.273242	7130.499208	7455.708253	7995.682476	8328.991183	8611.63185	8909.646383	9275.887366	9616.760051	9802.209629	9806.119726	10142.03056	10426.86366	10851.2303	11126.96507	11546.43594	12077.02073	12603.2774	13215.85414	13740.7065	13873.89155	14146.62841	14535.62096	15089.59578	15625.26075	16052.86437	16341.13799	16357.60497	15902.76468	16317.44031	16596.04537	16965.43326	17255.21803	17707.24432	18254.11357	18538.22315	18969.32959	19528.27707	19943.02544
213	24.28703415	23.99673451	24.08199048	24.68457868	26.23118274	27.26359067	27.65967914	29.0973956	30.95565591	32.73364557	33.18485135	29.97794771	26.95994853	26.67046341	27.03715789	29.38134951	31.85785981	32.32007299	32.60697959	32.63547748	33.7051626	36.63562097	37.40826316	40.27969388	39.7979009	41.80606504	45.2788087	47.65925664	46.58623913	45.52539823	44.07470588	40.50738614	40.70318182	42.91861983	45.99983036	47.79644094	50.88528182	54.74046715	57.07555906	61.38696907	64.51859821	67.02533607	70.24711	72.625	72.43064368	74.19671429	76.07309211	76.83807407	-999
214	-999	-999	-999	-999	-999	-999	-999	-999	-999	-999	-999	-999	-999	-999	-999	-999	-999	-999	-999	84.36084814	83.92413376	74.56353068	72.83726684	69.03568528	68.43767221	69.57264	73.22496073	76.33384752	79.66553862	82.67428129	86.15936512	89.56790876	93.36655208	100.3325231	107.2849428	115.3184301	126.1396253	137.6097268	148.5999907	159.934516	172.4208406	185.1579181	199.0321588	213.3170813	229.3752624	243.1566714	254.3246675	267.2206782	-999
216	463.7660909	469.3468713	504.9521651	516.189055	528.9656981	571.8342308	603.9523431	620.4301667	625.9234672	595.5005929	595.3727676	581.0012245	558.6358289	566.9330867	571.405443	606.3965643	626.7954851	663.3651406	606.6438543	306.8429246	335.8473091	356.7960075	357.8855464	348.8008478	363.3497021	362.217254	385.7521039	386.1299355	363.6471944	376.4829068	389.3425508	355.1463963	327.4280026	387.5501924	428.177872	469.9014881	511.6901483	537.1457208	520.7517609	513.4350033	535.1640429	563.5707972	572.6438768	550.4074346	515.8492234	427.4297351	360.6870877	290.1765773	-999
217	56.97144755	51.46630421	52.05977515	55.01347328	57.47086102	61.2824375	62.44391667	64.146311	63.06287556	60.83095102	64.23742017	69.3982827	74.44934043	80.83411163	83.82077885	86.11214414	89.19310331	93.75611211	100.7457943	106.0258963	112.3952961	121.9823379	132.0010125	143.6881472	156.9263143	171.6818667	185.7229847	196.2204927	205.5120459	220.0891791	233.5457799	247.5657359	265.7131101	285.0752016	307.0937403	327.6206586	351.5778945	370.8562564	391.5856853	416.6423158	442.0949579	465.3754349	490.5675977	521.2264982	554.981152	590.2798415	629.0907928	674.1735149	-999
220	10.27821368	11.10390076	12.33049007	13.16968571	14.48339669	16.50269697	18.13842149	22.9804717	24.40440741	25.38028467	30.9530708	33.02273554	34.04813846	35.0797907	36.24658209	37.52262044	38.93346897	40.85511409	42.25957333	42.83558503	45.51063687	49.16839665	51.29005921	54.73860403	57.89211656	60.438325	63.55457669	67.44250299	69.99952222	74.1587	77.21953723	80.01565934	83.37811881	86.63236893	91.43797087	94.466575	97.57700488	100.7323128	104.7691429	113.0754242	98.53204975	100.6608833	105.8008755	105.6910437	87.93659701	76.02671429	71.67075207	69.64126087	-999
221	15.812	17.26505023	17.08390496	18.19636564	17.80434568	18.90199561	18.00987204	18.139065	17.53322703	18.12533702	19.23118182	18.67317105	18.28932886	18.26214667	18.59594483	18.66608725	19.20934043	20.42343919	20.2074026	20.01110156	20.04231618	19.75178832	20.98624779	19.32853333	19.82538614	21.04275325	21.72955102	21.83588172	22.811875	23.62222857	24.98101429	26.1529	27.77717143	30.01518462	32.13169697	34.4137193	37.71348936	40.21422449	44.325625	48.05728261	50.81703922	55.137	57.93672131	60.76649231	62.62495588	64.90381429	66.83913483	69.721	-999
222	16.32056532	17.69970103	18.15549206	19.33864646	18.96626984	19.06045107	17.73325128	17.29181907	17.82896447	20.39389514	22.97289017	23.59875076	23.92254328	23.51311048	25.14212661	25.67120423	25.9524036	27.8898668	29.35795927	31.42761315	33.17257116	30.16874833	30.46966362	33.31317811	33.38322788	36.78165649	37.79468079	38.93439429	38.5330475	37.3364073	37.91935196	34.59049718	28.7043467	27.03037006	25.49709181	24.56165039	23.66937438	19.49632199	21.82114869	26.11117033	29.86941398	34.78301506	35.50167164	36.38886563	37.06361682	37.29739427	39.0761417	41.43185106	-999
