1	2	6	3	0	14.0731597900000	1.93770754000000	2.75480260700000	9.02927505500000	14.7518101400000	20.5182866800000	22.4326766700000	26.3873163100000	23.6706336100000	20.1590727800000	13.5469470100000	7.13925581300000	3.95087945600000	13.4399263700000	0
2	2	7	2	1	14.0592728200000	4.30611532600000	7.21090750600000	9.24850673700000	13.0787665300000	15.3039639400000	17.9403958600000	22.4871206900000	23.4291936900000	19.1929254100000	15.6841939400000	11.3888899900000	6.43371027000000	13.7128021700000	0
3	2	2	4	2	24.8866972000000	12.9978051600000	15.7402672100000	19.7312213000000	25.0549881100000	29.7350519500000	31.6299410500000	35.6967979300000	34.7040006600000	31.8747290100000	25.7737133400000	18.8990608800000	14.3987951600000	18.0938872300000	1
4	2	11	3	0	-999	-999	-999	-999	-999	-999	-999	-999	-999	-999	-999	-999	-999	-999	0
5	1	7	1	0	9.25274979800000	1.50253333400000	2.27971477900000	4.26077797000000	7.22876657200000	10.4538062700000	13.1696708000000	18.2215366300000	17.9939312400000	14.2590579600000	10.7718974000000	4.40186310400000	3.42924457400000	9.12724528700000	0
6	2	1	4	3	22.7676766200000	22.8592931600000	23.1725293300000	23.1589362100000	22.9041622500000	22.0867044700000	21.0667166800000	20.1166926200000	22.7545560600000	24.7411574600000	24.8888166700000	23.8796469000000	22.6418245500000	22.2074460000000	1
7	2	8	4	0	-999	-999	-999	-999	-999	-999	-999	-999	-999	-999	-999	-999	-999	-999	0
8	1	8	4	0	-999	-999	-999	-999	-999	-999	-999	-999	-999	-999	-999	-999	-999	-999	0
9	2	12	4	4	15.1987410400000	22.3496149400000	21.9200882400000	18.5694406200000	15.3750875800000	11.2395900400000	9.65510865500000	8.03528690300000	10.1891629500000	12.6680332000000	14.9218375800000	18.3987197500000	21.0413417700000	16.3524716500000	1
10	2	6	2	0	7.48390110400000	-5.13075493300000	-3.17709648300000	1.36225957100000	6.07405514800000	11.9079483500000	13.9469006000000	19.0030523000000	18.9601970300000	14.6786179500000	9.24949479900000	2.20485673900000	-1.99354685200000	8.37385315100000	1
11	1	8	4	0	-999	-999	-999	-999	-999	-999	-999	-999	-999	-999	-999	-999	-999	-999	0
12	1	11	1	5	23.5123870800000	29.9825788400000	29.1304210000000	27.8881761200000	24.4534807000000	19.8569710800000	18.0519685500000	16.3000821300000	17.0061896500000	20.5611133900000	24.5646717700000	26.8695921500000	29.5699490600000	16.5824096300000	0
13	1	7	1	6	7.27595701700000	-3.32746468100000	-1.06888630800000	2.30538228600000	7.17503300200000	10.5346700000000	13.1876654600000	16.4951861200000	16.7293243900000	12.0962820000000	8.12337685000000	2.70902955600000	-0.733789198000000	8.81472063200000	0
14	2	6	2	0	14.3759151200000	4.10486405300000	4.73056495600000	7.94408640600000	11.3076010300000	17.8144413600000	20.2902951400000	25.4683545400000	25.4766239500000	21.1727740300000	15.5262041200000	9.42417079400000	6.16977581500000	14.0359602800000	1
15	1	8	4	0	26.3062891100000	23.3733281100000	23.7698962500000	23.5468470300000	25.0409886200000	26.4499639600000	27.3930017700000	29.0392521700000	29.2322658500000	28.8464971300000	27.6624511600000	25.6402980000000	24.6138754200000	25.9680202000000	0
16	1	6	4	7	-999	-999	-999	-999	-999	-999	-999	-999	-999	-999	-999	-999	-999	-999	1
17	2	5	3	8	26.3339447500000	19.4785261500000	23.1079482100000	26.7316861200000	29.5930573200000	30.1457168300000	30.1077615800000	28.8128477500000	29.2074529400000	28.5963347100000	26.3690549400000	23.3666351300000	20.4211155600000	26.8620844700000	1
18	1	8	4	0	-999	-999	-999	-999	-999	-999	-999	-999	-999	-999	-999	-999	-999	-999	0
19	2	7	2	0	7.83405481200000	-5.15614949100000	-2.29749618700000	1.75765446300000	8.42384191900000	14.1979223300000	15.9682085900000	17.9507869200000	18.1934381900000	13.5517152900000	7.64717868200000	1.96673805800000	-0.524483772000000	7.96791180700000	0
20	1	7	1	9	10.7110300500000	3.24074953100000	4.14667031300000	6.74729465200000	9.63190459100000	13.3946791500000	15.2199101800000	18.3268532400000	17.9776174400000	14.9270627500000	11.4352288400000	6.46114231200000	4.88011391800000	10.9566687400000	0
21	2	9	4	0	25.3669695000000	21.9389167100000	23.1978119200000	24.4719587200000	26.3246785100000	27.6329140000000	27.3807966900000	27.1485383900000	27.2015417900000	26.9544313300000	25.5006586100000	23.7406439500000	23.0341665100000	26.0342691800000	0
22	2	3	4	10	28.6920014900000	27.7212227400000	29.6204008600000	31.8539384400000	32.4714143300000	31.2905706800000	30.0923569700000	26.4059682200000	25.2258092300000	26.0743276300000	27.8553003000000	29.0348699700000	27.9703228900000	28.0509544200000	1
23	1	8	4	0	-999	-999	-999	-999	-999	-999	-999	-999	-999	-999	-999	-999	-999	-999	0
24	2	5	3	0	5.94094934000000	-2.57106154600000	0.136913861000000	1.85055227200000	5.87412462300000	8.31939731500000	9.95538711400000	12.1389384200000	12.6362782300000	10.9258623300000	6.61648709200000	3.29110819600000	0.236614940000000	10.0805723400000	0
25	2	12	4	11	20.4678741300000	21.8875256500000	21.2016569500000	20.9326582100000	20.3699907200000	18.5299544600000	17.7831011200000	17.8033123600000	19.5868487800000	21.9265234900000	22.4204119900000	22.1208804200000	21.8607024800000	15.1982997400000	1
26	2	7	2	0	10.6713020900000	-0.471000488000000	2.84464998000000	5.90875051400000	10.8233594900000	13.3587340000000	16.0157498000000	19.9800141000000	20.5681100900000	15.3979188600000	11.5675941100000	7.09616982400000	1.90408424900000	10.7261889500000	0
27	2	1	4	12	23.5508975600000	27.6601451000000	26.4988199200000	25.8351510700000	23.6712413500000	19.8496839000000	18.4022149700000	15.9257755600000	19.7560778700000	23.5822313500000	26.6816688700000	28.0857160600000	28.2806913500000	22.3073346400000	1
28	2	12	4	13	24.9492981100000	25.1819812900000	25.0485289800000	24.9742458400000	24.5459083000000	23.8944853200000	23.5081056200000	23.1961696900000	25.0686691300000	26.5312936700000	26.6824547400000	25.9294308400000	25.2453387700000	21.4082182900000	1
29	2	1	4	0	-999	-999	-999	-999	-999	-999	-999	-999	-999	-999	-999	-999	-999	-999	0
30	1	8	4	0	-999	-999	-999	-999	-999	-999	-999	-999	-999	-999	-999	-999	-999	-999	0
31	1	5	3	14	26.0774269700000	25.7162195900000	25.4022934800000	25.7767439400000	26.4849988100000	26.9478093200000	26.6276926300000	26.1995426900000	26.4659308600000	26.2832090700000	25.9480539000000	25.7982103900000	25.5548284500000	26.6813516400000	1
32	2	7	2	15	12.2262668100000	-0.849677045000000	3.82309171000000	7.56265361000000	12.4187037500000	15.4242119900000	18.1096055200000	22.1470466600000	22.9309741600000	18.5501792400000	13.0795067600000	8.01645313800000	2.40110559400000	12.1899576200000	0
33	2	2	4	0	30.4876462600000	26.1952840600000	28.7444895000000	32.1602118100000	34.7195537600000	34.9212541900000	34.0434605200000	30.3467434800000	28.2216970300000	29.4841932700000	30.9385815100000	29.9685180600000	26.9679308700000	30.1271046900000	0
34	2	3	4	0	19.6865098300000	19.4980235600000	19.9182274600000	19.8391945700000	19.0002187200000	18.3483242700000	18.4739685300000	19.5302195100000	20.9366649900000	21.7197265900000	20.5380907400000	19.3703647900000	18.9612782800000	19.1626312900000	0
35	2	5	3	16	27.1796937300000	26.1685863800000	27.1381070100000	29.3902345100000	30.3837015500000	29.3850391900000	28.4369064100000	26.3315301500000	26.4434662300000	26.6000747000000	26.4070800800000	25.6529021500000	24.7903526500000	27.8501665600000	1
36	2	3	4	17	25.1008378400000	25.4118550100000	26.6123754600000	27.5637742700000	27.4122827000000	26.1052510700000	25.3092251300000	23.2285620500000	22.7260906600000	23.3343530100000	23.9940236100000	25.0811581700000	25.3454396100000	26.0735055500000	1
37	1	10	1	18	-3.20998540000000	-18.6951498800000	-19.7257287200000	-13.6960216500000	-6.91899888000000	3.72335584100000	7.07989796200000	14.0369793500000	12.6258910500000	6.58803813900000	-1.21412180900000	-10.0849815800000	-16.5973425300000	6.09058561200000	0
38	2	3	4	0	-999	-999	-999	-999	-999	-999	-999	-999	-999	-999	-999	-999	-999	-999	0
39	1	8	4	0	27.6260093700000	25.7843914200000	25.9496614100000	25.9470960100000	26.8364925900000	27.8152160600000	28.1745434700000	29.1313913900000	29.4016146800000	29.3077669100000	28.5567359600000	27.4083369000000	26.7442072100000	27.6467902500000	0
40	2	3	4	0	26.9005330600000	28.0073802600000	29.4340091900000	30.3546356200000	29.8614759900000	27.9151324300000	26.8719667800000	24.1739419900000	23.6110242500000	24.1397371200000	25.1908821300000	26.8977525700000	27.5570673700000	26.3873354400000	0
41	2	2	4	0	28.8647182500000	21.3411962900000	24.1482479500000	28.9193791000000	31.8601623500000	33.9467762300000	33.8301788300000	32.1058809100000	30.8269738700000	31.3280877000000	29.6626000100000	26.2595083200000	22.0678705600000	30.0656868000000	0
42	2	12	4	19	10.7916108100000	14.5371441200000	14.8924691100000	13.6362346600000	11.3532739900000	9.48989051600000	8.31208140800000	6.94346684800000	7.52186049400000	8.72519451500000	9.98744204500000	12.0275698700000	13.4674783700000	13.9648204900000	0
43	2	4	3	20	8.17652422800000	-6.82548158600000	-3.74529757000000	2.99746882600000	9.92394499100000	14.3757375100000	16.5125787700000	20.9607587900000	19.9974769200000	15.5149519000000	8.51071727200000	1.27736268500000	-4.20863346900000	16.1727528800000	1
44	2	12	4	21	23.7094754800000	24.0424265300000	24.7283541100000	24.5227233300000	23.9298586100000	23.4379246300000	23.1398632700000	22.6746194900000	23.5727557500000	23.9680594100000	23.7121421400000	23.6661014400000	23.5034193000000	22.5493258000000	1
45	2	1	4	0	26.9215818800000	28.0756040800000	28.3748881300000	28.7418279200000	28.4867324300000	27.3767598500000	26.7421990000000	25.1639117700000	24.9188494800000	25.0496730900000	25.8359302500000	26.9342918500000	28.0735582000000	26.9189729500000	0
46	2	3	4	22	25.0569941600000	25.4226664700000	25.9866664000000	25.7536890300000	25.1377174200000	24.8299014800000	24.6818649400000	24.8171149200000	25.5284142800000	25.5711916000000	24.7098040000000	24.2132591800000	24.2477181700000	23.3028736300000	1
47	2	3	4	23	25.6766174800000	26.5886457100000	26.9626464700000	26.7455180100000	26.4104857600000	25.6744135200000	25.4804653000000	24.9177540200000	25.1669618600000	25.0528345600000	24.6320620100000	25.0309853000000	25.7251673300000	25.5128268900000	1
48	2	11	3	0	-999	-999	-999	-999	-999	-999	-999	-999	-999	-999	-999	-999	-999	-999	0
49	2	9	4	24	24.0950249400000	23.0601690600000	23.5988778200000	24.4232744700000	25.2787369100000	25.1728425400000	24.8667814000000	24.0011838100000	24.3481160300000	24.4175882500000	23.7144285800000	23.4798512900000	23.0668666900000	23.7077013700000	1
50	2	3	4	25	26.9396652100000	27.7114725500000	28.9869040000000	29.6988668400000	29.5337990200000	28.2603155600000	27.1526236400000	24.5653870900000	24.0835951100000	24.5581969400000	25.6695331900000	26.9735711900000	27.3251756700000	26.7153906800000	1
51	2	7	2	0	12.4453764200000	1.66410618700000	4.51538589800000	7.80875509300000	12.3770123800000	15.0714558800000	17.7649881900000	21.8647588900000	22.3440303800000	17.2519878700000	13.0983368500000	8.58561254800000	3.88678831100000	12.2663184800000	0
52	2	8	4	0	26.0687821000000	23.2602951300000	24.0826963400000	24.3085073300000	25.7275661600000	26.6925178900000	27.3148625600000	28.3720045400000	28.4784698000000	27.8240795600000	26.6855107400000	24.9768193800000	24.3752700900000	26.0163408700000	0
53	1	6	1	26	21.5068386500000	13.8105513200000	15.0940858200000	16.3630751400000	19.1619406800000	22.4629600600000	24.2540998000000	28.4939329500000	28.4106629500000	27.0819656700000	24.3516981100000	20.3461107100000	16.0684678500000	21.5010625700000	1
54	1	7	2	0	9.01257163600000	-2.01369255400000	0.422604246000000	4.26508030800000	9.14066568400000	12.8366842500000	15.1770393100000	18.0650095900000	18.6092466100000	14.0481635800000	9.58998420800000	4.24897190600000	0.955527639000000	9.18986363100000	0
55	1	7	1	27	9.71420680000000	2.75025016700000	2.90838676600000	4.42735168900000	7.36466669400000	12.0698620300000	13.8723026500000	16.7736772200000	16.8100204700000	14.7952436700000	10.6578710500000	6.57609228900000	5.40298490200000	9.82426521700000	0
56	2	2	4	0	29.6940641700000	24.4013960200000	25.2457673400000	27.7571938200000	29.7072215900000	32.4843380900000	33.6574080500000	34.3031954000000	33.2381483200000	33.0576621800000	29.7017144500000	26.5620654400000	24.8376519900000	29.4569015000000	0
57	2	8	4	0	-999	-999	-999	-999	-999	-999	-999	-999	-999	-999	-999	-999	-999	-999	0
58	2	8	4	28	24.5439264900000	22.4692798600000	22.6839383600000	23.2452282100000	24.1962681300000	25.0024701900000	25.4635193200000	26.1516812200000	26.2691201100000	26.0698076700000	25.1769990600000	24.0206767300000	23.2232165000000	24.4546857300000	1
59	2	12	4	29	20.4058474900000	20.7276146900000	20.8996294700000	20.8418952200000	20.6628171400000	20.5040749900000	20.0246490000000	19.2391498900000	19.8716768100000	20.5235922700000	20.6008189400000	20.8196954300000	20.6819645100000	19.8642299700000	1
60	2	2	4	30	24.0741888800000	13.5665331000000	16.5019025800000	20.3443592200000	24.8340139400000	29.2464518700000	30.4630067200000	31.4756050700000	31.4028266800000	28.7848164800000	25.2407851600000	20.1361584300000	15.2402927200000	22.6364615700000	1
61	2	9	4	31	22.9077166500000	20.7642586800000	22.0696922500000	23.6156203000000	25.0234209800000	24.9331647700000	24.2077302700000	23.3129013700000	23.4942383500000	23.1364739800000	22.1063975000000	21.6072462800000	21.2914429200000	23.2344126000000	1
62	1	3	4	32	24.4978374500000	25.2604905100000	25.7273123500000	25.7131044800000	25.6447611800000	25.0295265700000	24.5128304200000	23.2305955200000	23.1412784400000	23.4502036100000	23.7368689000000	24.3455788200000	24.7818588600000	24.4905266400000	1
63	2	2	4	0	28.5798688700000	23.9325773200000	25.0177559200000	27.3062497100000	29.4551605500000	31.6937942100000	32.0684868400000	31.1671476100000	29.9143047500000	30.8937560500000	29.4295712200000	27.0044189400000	24.5591902000000	25.3380253100000	0
64	1	7	2	0	6.85443847800000	-3.50036078500000	-2.20993689000000	-0.265065355000000	4.72777856900000	10.7867440300000	12.7850785100000	16.9806961200000	16.8191146100000	13.0175520600000	6.88782190000000	2.85581527400000	0.858551589000000	6.92297288000000	0
65	2	2	4	33	23.7181256600000	23.1519042600000	24.7147774200000	25.8664749800000	25.3854106300000	24.5879631400000	24.2008125200000	22.8078840900000	22.8215996400000	23.4595094000000	23.0299815000000	22.5433724100000	22.5362207700000	19.2531939900000	1
66	2	12	4	0	7.31387075300000	10.4392977500000	10.7409761400000	9.68242280900000	7.84555867100000	6.41139907700000	5.73212620000000	4.47004673000000	4.47346385700000	5.15200978200000	6.17903038200000	7.92855079100000	9.59760462500000	-999	0
67	1	7	1	0	7.90754787600000	5.46149662100000	5.61276359800000	5.53569064500000	6.00456835700000	7.67377153100000	8.57803848500000	11.1001891400000	11.2446775000000	10.4476026300000	8.82593496100000	6.69852327800000	6.63269014700000	7.92544607800000	0
68	2	11	3	0	26.1130210400000	27.6001909000000	28.1743569100000	27.5759579300000	27.0505553600000	25.9623831700000	25.6194694900000	24.3859421400000	24.2686307400000	24.6851683300000	25.6440514900000	25.9950474000000	26.8789026300000	25.7109828900000	0
69	1	7	1	34	3.01166957900000	-8.93004765600000	-7.44556193600000	-4.74186638800000	0.792693939000000	7.92758299400000	10.1482793000000	16.0423287700000	13.5413335400000	9.03887951700000	2.38096898600000	-1.42781506000000	-4.00333950800000	5.49130979000000	0
70	1	7	1	35	11.4816248100000	4.10390806000000	5.01765411900000	7.32935121700000	9.89755611300000	13.1659577100000	15.3987347400000	19.5599083000000	19.3772784600000	16.1720351000000	12.4352964100000	7.25464821900000	5.51820569400000	11.7532883700000	0
71	2	12	4	0	25.4568090700000	24.5004877400000	24.4149517400000	24.9326744100000	25.0154444600000	25.1675777500000	25.1247148900000	25.0643538000000	25.9951620600000	26.8099281500000	27.1392348200000	26.6336181800000	24.6963583000000	26.4333833200000	0
72	1	11	3	0	-999	-999	-999	-999	-999	-999	-999	-999	-999	-999	-999	-999	-999	-999	0
73	2	3	4	36	24.8936550200000	25.7146934900000	26.1172416900000	26.1067098700000	25.9182651100000	25.3067916800000	24.8139308100000	23.6672602400000	23.9875867000000	24.1209209000000	24.0563291300000	24.5183112500000	24.9639750300000	25.1638844800000	1
74	2	6	2	0	8.21890454500000	-2.68463568500000	-0.625878110000000	2.39588215500000	6.62446662100000	12.0221756000000	14.1103978900000	18.2368394500000	18.7408149400000	14.1681471100000	9.50290878900000	3.73280433200000	-0.259112837000000	9.50414113400000	1
75	1	7	1	37	9.77832683000000	0.663950332000000	2.08700079500000	5.13548554700000	9.07420221000000	13.1094342200000	15.2887354600000	18.2292036100000	18.2992169000000	14.5618474700000	10.3257892100000	4.97109852300000	3.02127653500000	10.1403019700000	0
76	2	3	4	38	28.2214357700000	28.6306623100000	30.0479032100000	31.0888192800000	31.1645416600000	29.8850968400000	28.6695974900000	25.6155978800000	25.0017908800000	25.4720043400000	27.0005700100000	28.6947563900000	28.7363944800000	26.8973265100000	1
77	2	7	1	0	-999	-999	-999	-999	-999	-999	-999	-999	-999	-999	-999	-999	-999	17.3401372900000	0
78	1	7	1	39	14.7522050900000	4.49773435600000	7.62109662400000	9.78984543300000	13.6665560300000	16.6476629000000	19.2611086200000	23.8779300300000	24.1666567700000	20.3086336200000	16.0957475500000	11.6100172300000	6.49373772600000	14.9603798600000	0
79	2	10	1	0	-999	-999	-999	-999	-999	-999	-999	-999	-999	-999	-999	-999	-999	-1.78406137000000	0
80	2	8	4	0	-999	-999	-999	-999	-999	-999	-999	-999	-999	-999	-999	-999	-999	-999	0
81	2	8	4	0	27.0160776800000	25.8057074100000	25.6088206300000	25.6935974800000	26.2146651500000	26.9499027700000	27.2164944600000	27.7753809500000	28.0924315700000	28.4105531800000	28.0186175200000	27.4067047700000	26.6534992300000	27.0192154000000	0
82	1	11	3	0	28.2965324900000	27.3106905800000	27.1534113300000	27.2160435500000	27.7270318600000	28.4593870100000	28.6929172800000	29.0938670800000	29.0229083500000	28.8528355400000	28.8883637500000	28.6724828800000	28.1699826500000	28.2994725200000	0
83	2	9	4	40	22.5006221900000	19.1500105600000	20.6265043200000	22.2033641200000	24.2609739400000	25.2871771100000	24.5986831000000	23.6269870100000	23.9160428900000	23.5505584500000	22.2683090300000	20.8879755100000	20.2120783900000	20.2021615300000	1
84	2	3	4	0	26.4902766900000	26.0731560700000	27.7712477200000	29.2984125200000	30.1490471500000	29.0159909500000	27.8028507100000	24.2461829000000	23.3998394700000	24.2242993900000	25.4492558600000	26.2257935500000	25.5811982100000	26.3064763500000	0
85	2	3	4	0	28.4775346400000	27.5937188100000	28.3540612400000	29.6316474900000	30.8624555100000	30.8639126100000	30.3328835500000	27.2611785500000	26.0837643300000	26.7280496100000	28.4015747000000	28.7451245600000	27.4516908700000	28.3494441400000	0
86	2	12	4	0	25.1245944500000	24.4092334900000	24.3933088600000	25.2749957800000	25.3139246600000	24.7830454800000	24.6816680000000	24.5549035800000	25.4176112100000	26.0366073500000	26.3348901800000	25.8711511200000	24.5155637100000	26.2556037400000	0
87	2	8	4	41	26.1713476700000	24.4090352100000	24.6176838500000	24.9129741400000	25.7649957100000	26.5508703600000	26.9859449300000	27.5783155700000	27.7132251300000	27.5569960800000	26.7108453400000	25.6698268600000	25.0719669600000	25.5349575300000	1
88	2	9	4	42	23.5124922800000	20.8600405700000	21.8017620500000	22.9624934600000	24.7278269800000	25.5082394100000	25.1823342800000	24.3068467400000	24.6527268900000	24.7698314100000	23.5796245700000	22.3901364600000	21.6412764800000	23.1679183300000	1
89	1	7	2	43	11.9341138800000	-0.917509838000000	3.11542012600000	7.23206051900000	12.6994377500000	15.7721142000000	18.3809620600000	21.8233578500000	23.0042603300000	17.6380132000000	12.5451529400000	7.17155576500000	1.67910424800000	11.8583340500000	0
90	1	7	1	44	1.53219198300000	-4.09419019700000	-3.42422915500000	-3.27135887200000	-0.373151290000000	3.37091227600000	5.21595233300000	8.61583336900000	7.35056591000000	5.44860166700000	1.99690938600000	-1.84279921000000	-2.74850053100000	3.38015074000000	0
91	2	5	3	45	24.6850219600000	17.0342633700000	20.4172529400000	24.7987472600000	29.5190739800000	31.4890243600000	31.0300302200000	27.4095769200000	26.4902526200000	25.8707054300000	24.1422771900000	20.8533642000000	17.5013681600000	26.4219665600000	1
92	2	5	3	46	25.4735376600000	25.4710678500000	25.3667160100000	25.5981978700000	25.8331991600000	25.9679822100000	25.6134651600000	24.9391989100000	25.0992862400000	25.3894330300000	25.6589743200000	25.6319034200000	25.4647273800000	26.8867593700000	1
93	2	6	4	47	19.0100294200000	7.43561362700000	8.58990630800000	13.8021093800000	18.4196952700000	24.6087833700000	26.7707252000000	30.4590649100000	28.6072467900000	25.5858476300000	19.5459904800000	12.2925537800000	9.23681476000000	16.8526889800000	1
94	2	6	4	48	24.7859513200000	11.0950700200000	13.5508730400000	18.4359567200000	23.2928775200000	30.2223527600000	32.6460917600000	36.9194972300000	36.9504843100000	32.9964659300000	26.8674219200000	18.1476139200000	13.2110068100000	26.3741052600000	1
95	1	7	1	49	9.74469690800000	6.20519829600000	5.86260291900000	6.59643837900000	7.90823787100000	10.9897428100000	12.2667958100000	14.7154827900000	14.2042695100000	12.5218157000000	10.0894776200000	7.10836823300000	6.96160107100000	9.85379090600000	0
96	1	6	4	50	21.0945176700000	12.6008620100000	14.5075830300000	16.6628125300000	20.0328074000000	24.1488172900000	25.3454526100000	27.5524253900000	27.3479920000000	25.8535868900000	23.3912790100000	19.2406738400000	14.8229148200000	20.7342261200000	1
97	1	7	1	51	12.8419742600000	3.91495283900000	5.54512481900000	7.70877941800000	11.4395162900000	14.0302700500000	16.9345007800000	22.0111404100000	22.2751358400000	18.0212302200000	14.2655326800000	9.11812330600000	5.55171158500000	13.0837033100000	0
98	2	8	4	52	26.6691220400000	25.1189315900000	25.1118326500000	25.2403330800000	26.0555738900000	26.8307177000000	27.1785824100000	27.8676232700000	28.1285822300000	28.0985707000000	27.4172864900000	26.5654277500000	25.9793963300000	26.6755232000000	1
99	1	4	1	53	11.8353269700000	0.280071466000000	0.825369337000000	4.77605491000000	10.0491924600000	15.2458099300000	16.6131959300000	22.6095166100000	23.5856318400000	20.0208450800000	14.4817197900000	8.20023503400000	3.27175447800000	14.1503432200000	0
100	2	6	4	54	20.8117939600000	9.86040642900000	12.4618692400000	15.9060855400000	20.2520662200000	25.4118135700000	26.9426461300000	29.5048663800000	29.2215855600000	26.9065735900000	22.7407211300000	16.6517127300000	11.8634026100000	19.8949727200000	1
101	2	6	2	0	8.46551344800000	-9.12149529100000	-7.60684492100000	-0.162409442000000	9.96775668300000	17.1225334800000	19.9284046500000	25.6574444600000	23.7094979800000	17.1485478500000	8.58413522100000	-1.34968664100000	-6.00876550100000	11.1529164600000	1
102	2	1	4	55	25.2779928700000	25.8745284500000	26.7608324600000	27.2013023200000	25.8953986100000	24.7443429000000	24.5090502700000	23.7549251500000	24.2286241400000	24.9366230000000	25.5966127300000	25.1326947600000	25.0457015900000	19.8882590300000	1
103	2	11	3	0	-999	-999	-999	-999	-999	-999	-999	-999	-999	-999	-999	-999	-999	-999	0
104	2	4	3	0	6.54220982600000	-10.6504930000000	-7.99973083000000	0.510519109000000	7.53155606400000	13.0972278100000	15.0229294700000	21.1949035100000	20.5610866700000	15.4066951700000	8.54823619400000	-0.164391010000000	-7.38260861100000	11.0262127100000	0
105	1	4	3	56	11.9598915000000	-1.88476321300000	0.214872848000000	6.20698106700000	11.7660636100000	16.3319199200000	18.1603996400000	24.1460980600000	24.6347738500000	19.6058178700000	13.8115927600000	7.11802302000000	0.817246746000000	12.5855200400000	0
106	1	6	4	57	28.3786931400000	14.9525332000000	16.9638119700000	22.3459005600000	27.4156473500000	34.5045337300000	36.7123763300000	40.0559499100000	39.5015350800000	36.5169010800000	30.2246104200000	21.7253128000000	16.7797948200000	28.5971547700000	1
107	2	6	2	0	2.71804372100000	-10.4706670100000	-9.11004699800000	-2.51115224800000	3.18636419600000	8.09538288600000	10.2579733300000	15.4486068000000	13.8851156500000	10.1693193600000	2.73986298300000	-4.12396970600000	-7.78652568400000	7.82843605600000	1
108	2	5	3	58	22.7817019500000	18.3304263000000	19.7665984700000	23.8345604900000	26.3100042800000	26.1812435800000	25.6642239600000	24.0173319700000	24.0332557800000	24.0081942700000	22.7579564400000	20.7300603200000	18.1179014700000	24.7073596600000	1
109	2	7	2	0	7.18005389300000	-3.82589997700000	-2.02938103800000	0.651462285000000	6.11903051600000	12.0586587700000	13.9162450800000	17.0967757900000	16.7395306300000	12.8120356700000	6.91685141700000	2.66217454300000	0.666008118000000	7.73808155500000	0
110	2	6	4	59	18.8088070800000	10.0215873300000	11.9454740700000	13.8050499400000	17.1421275000000	21.1008638000000	22.6420924700000	25.9215781500000	25.8908829300000	24.2773719000000	21.4941864200000	16.9953854100000	12.5000293400000	18.8696296600000	1
111	2	1	4	0	12.9539129300000	18.1463249000000	17.0673449000000	15.5928888600000	12.6034372600000	9.23963811200000	7.88294220200000	6.12063016900000	8.91004907000000	13.0833450000000	14.5766153200000	16.3701270700000	17.4870522400000	14.5737761300000	0
112	2	3	4	0	25.4235362500000	26.3315666700000	27.0366298300000	27.0575382800000	26.9318970600000	26.1040459600000	25.3591709300000	23.6790162800000	23.4089492500000	23.9578887500000	24.7075555900000	25.3785994100000	25.9799059600000	25.9474319200000	0
113	2	2	4	0	23.9300341200000	12.7411124700000	15.5884310600000	19.9188026100000	25.5669998600000	29.3703899100000	30.8295866500000	31.6639007100000	31.2332457800000	29.1402947800000	25.3024933600000	19.5556226100000	14.3459673300000	21.7370311400000	0
114	1	7	1	0	6.81566277900000	-2.55541171200000	-0.840731614000000	1.91836705800000	6.01047721600000	9.53269047800000	12.2173890200000	15.8677539800000	15.6776186900000	11.5146671000000	7.74093392900000	2.15646037100000	-0.497817039000000	6.85545510700000	0
115	2	7	2	0	7.64323400000000	-3.96965584200000	-1.64173063900000	1.60767755200000	7.25155079300000	13.1937279300000	14.9051897800000	17.1774520500000	17.0354033500000	13.0245141600000	7.39400026400000	2.99866200700000	0.523938571000000	7.92604086200000	0
116	1	7	1	60	9.62582128600000	1.46178309600000	2.75603902300000	5.51131958200000	8.72286671300000	12.5727752800000	14.5609510600000	17.8126634400000	17.4956060400000	13.8594786000000	10.1124354700000	5.05421471400000	3.26991240200000	9.63399032700000	0
117	2	7	2	0	11.1569114600000	-1.09513050500000	3.46586099300000	6.67858364200000	11.5415293500000	13.8499945500000	16.4480408800000	20.6544543700000	21.4437628900000	16.6838232100000	12.3540488200000	7.33862384600000	1.52276338600000	10.9954897600000	0
118	2	1	4	0	22.9170011500000	24.7119559600000	24.6428432200000	24.3620832400000	23.4329829500000	21.3183809600000	20.6388179000000	19.1931325500000	20.6065563200000	22.1987498300000	24.1871573700000	25.1131334400000	25.3958504800000	20.1652839400000	0
119	2	1	4	0	22.0131581700000	23.0899196800000	23.0530781200000	22.5756799900000	21.3482278400000	19.9122215100000	19.1016304900000	18.2227643800000	20.6884396000000	23.0840626500000	24.9568378100000	25.2033385800000	23.8003826300000	22.2533749200000	0
120	2	5	3	61	25.8143626100000	25.1448185300000	25.0710624300000	25.7844015800000	26.4060099900000	26.7157081000000	26.4348274500000	26.0305401400000	26.2509113200000	25.9829656300000	25.7576238500000	25.4060625800000	25.0168393000000	27.4245648300000	1
121	2	5	3	0	-999	-999	-999	-999	-999	-999	-999	-999	-999	-999	-999	-999	-999	-999	0
122	2	2	4	0	30.5065793200000	21.7825697100000	24.5426652800000	28.4359385600000	32.4949564900000	35.7437003900000	36.1519978400000	35.3716360600000	33.8594364000000	34.3398164100000	32.2302853300000	27.5584848000000	22.8889129400000	29.7696588000000	0
123	1	7	1	62	-999	-999	-999	-999	-999	-999	-999	-999	-999	-999	-999	-999	-999	-999	0
124	2	11	3	0	-999	-999	-999	-999	-999	-999	-999	-999	-999	-999	-999	-999	-999	-999	0
125	2	8	4	0	-999	-999	-999	-999	-999	-999	-999	-999	-999	-999	-999	-999	-999	-999	0
126	2	2	4	0	29.1606348000000	19.8978122900000	21.7826734100000	25.7565249200000	29.0621130500000	32.7178117000000	33.7718635900000	36.0161760800000	35.6884604100000	35.0449812600000	32.0116550000000	25.8572720200000	20.8657852200000	29.1665088400000	0
127	2	1	4	63	25.2651138700000	27.3866756900000	27.9320847300000	27.8632009000000	27.0474701900000	25.3395906200000	24.6282250700000	22.9430652300000	22.8884228700000	22.8214595100000	23.7582568400000	24.9411428800000	26.5015001100000	25.2591088600000	1
128	2	1	1	0	-999	-999	-999	-999	-999	-999	-999	-999	-999	-999	-999	-999	-999	-999	0
129	2	10	4	64	21.0043878300000	14.9498985200000	17.3215350400000	19.4897813400000	21.6943436600000	23.7798779500000	24.4815848100000	25.1607557400000	24.8938548600000	23.5184701100000	21.3907623000000	18.4648607100000	16.0424816500000	19.2722238800000	1
130	2	7	2	0	11.4331349500000	-3.29860973000000	1.16363385900000	6.03458567100000	12.5518869500000	16.7970369800000	19.1885965500000	22.0809609100000	23.3224669200000	18.0695829400000	11.7451888000000	5.46044830200000	1.12916454200000	11.6533276100000	0
131	1	7	1	0	-999	-999	-999	-999	-999	-999	-999	-999	-999	-999	-999	-999	-999	-999	0
132	2	4	3	65	2.37474013000000	-18.6004857200000	-14.8443817100000	-4.17817127700000	5.18074303300000	11.5625600500000	14.9207490000000	20.2966139300000	17.9614910500000	11.8274505200000	1.92058700000000	-7.98030485100000	-13.9718821100000	0.0939482040000000	0
133	2	8	4	0	-999	-999	-999	-999	-999	-999	-999	-999	-999	-999	-999	-999	-999	-999	0
134	2	2	4	66	18.6391011800000	10.3039631800000	11.2515449400000	13.7937817700000	16.7742711400000	20.5393970300000	22.3658014000000	27.4414118200000	28.0815649100000	24.3935831200000	20.3640215800000	14.4255242100000	11.6617506900000	18.7169942400000	1
135	2	1	4	67	23.9394777200000	25.6469800800000	25.5919919800000	24.8900725500000	23.2914200500000	21.4417735500000	20.7334584100000	19.9134311700000	22.2984071600000	24.8459585100000	26.4546520100000	26.7159923600000	26.2565710800000	23.7528903300000	1
136	2	5	3	68	23.0411276400000	17.4232245900000	20.4090209900000	23.6542832400000	26.6424026100000	27.1254656600000	26.1972886400000	24.2554597200000	24.6173693200000	24.3601346500000	23.2667653800000	20.8076939900000	18.5611363900000	25.3071533900000	1
137	2	1	4	69	22.7048457300000	26.2997332100000	25.7909678000000	24.9934286100000	23.4587502400000	20.5647517700000	19.0629584300000	16.5114084800000	18.7518244100000	21.9518424300000	24.5791106000000	26.0550543700000	26.1349064400000	21.5269166300000	1
138	2	11	1	0	-999	-999	-999	-999	-999	-999	-999	-999	-999	-999	-999	-999	-999	-999	0
139	2	5	3	70	10.0559825000000	0.918307710000000	3.31818787400000	6.33356130500000	11.4018597100000	13.9805913800000	15.3149945900000	16.4487543300000	16.4302751200000	14.7528594400000	10.2814379300000	6.70777569200000	3.15159840500000	14.2820849000000	1
140	1	7	1	71	11.1004106900000	4.05359689500000	4.38172986500000	6.82541713100000	9.80903499400000	13.6052601100000	15.3288949000000	18.2945421600000	18.2047263500000	15.6071250800000	12.0530144000000	7.16473626500000	5.81637044500000	11.2712571800000	0
141	2	8	4	0	-999	-999	-999	-999	-999	-999	-999	-999	-999	-999	-999	-999	-999	-999	0
142	1	11	3	0	23.4949510700000	25.6767112300000	26.3858860400000	26.1405393500000	24.8514477800000	23.5804437800000	22.7015924300000	20.9369896700000	20.6861722600000	21.1435257900000	22.5793727800000	23.6370846800000	24.7071524000000	23.0698967300000	0
143	1	11	1	72	10.4471229500000	15.3508845400000	15.0540040100000	14.0710947900000	10.7596876500000	9.09980996800000	7.82531391700000	6.03156848800000	6.27300625400000	7.76815540800000	9.37556317400000	11.6958887800000	13.5998063900000	12.5972096500000	0
144	2	9	4	73	24.8446845800000	23.1666537400000	23.6938374600000	24.7459196500000	26.2508007000000	26.3017229000000	25.9155596000000	25.2003964300000	25.4094542000000	25.5361855900000	24.6569940700000	24.1142278900000	23.4677079400000	26.4502775000000	1
145	2	2	4	74	29.3609872900000	19.0643228500000	22.2353076900000	27.4841972600000	31.7900813600000	34.9978522900000	35.4315503500000	34.7318722400000	33.7772771600000	34.0610782000000	31.1109947600000	26.1922605300000	20.6861056900000	30.8954167100000	1
146	2	3	4	75	28.2371793400000	26.2567954100000	28.2380800400000	30.9423816500000	31.8892067900000	31.0979176300000	30.0600983700000	26.9209655500000	25.7210445800000	26.7821013900000	27.7596384400000	27.9272174800000	26.3433928800000	27.4831942000000	1
147	2	11	3	0	-999	-999	-999	-999	-999	-999	-999	-999	-999	-999	-999	-999	-999	-999	0
148	1	11	1	0	-999	-999	-999	-999	-999	-999	-999	-999	-999	-999	-999	-999	-999	-999	0
149	1	7	1	76	2.33204558900000	-6.22801908400000	-5.69210809200000	-4.18159635300000	-0.150226698000000	5.70919960400000	7.72809244000000	12.6908288600000	10.6913028200000	8.00824565900000	2.36465953800000	-2.18463794500000	-3.23239584400000	5.64148707800000	0
150	1	6	4	77	29.4756040700000	20.9946691400000	22.4322508300000	26.9772905900000	31.0207273800000	34.3259279800000	35.2691102500000	35.8235539300000	35.4827626800000	32.6799756700000	29.7494518600000	25.4262369400000	22.1743221800000	28.3627692200000	1
151	2	5	3	78	21.8968454500000	10.1956811600000	12.5309702600000	17.8290103200000	24.3053600100000	28.6453414900000	29.8849120600000	30.9297580400000	29.5450013500000	27.1672839400000	22.3308452700000	16.0311636100000	11.6272156100000	25.1359716000000	1
152	2	11	3	0	-999	-999	-999	-999	-999	-999	-999	-999	-999	-999	-999	-999	-999	-999	0
153	2	9	4	79	25.4661300700000	24.8317118000000	25.0406438000000	25.5705287900000	26.1549005000000	26.1786868500000	26.0308410500000	25.4828631000000	25.6628189700000	25.5978409000000	25.2125155500000	25.0343864900000	24.9247440200000	25.9337931100000	1
154	2	11	3	0	23.8103835200000	24.2779302000000	24.2133769400000	24.0875925300000	24.1134265300000	23.9900586900000	23.6492968800000	22.8318116900000	23.0264886700000	23.2890387700000	23.9315739800000	24.2666089000000	24.4250129900000	22.8864961500000	0
155	2	12	4	80	24.7382954500000	29.5926107300000	28.4200079400000	26.5638785300000	25.0289665100000	20.9097898400000	19.7109266000000	19.5400265400000	21.6979982400000	24.7329871500000	26.6867947400000	27.2452050700000	28.1743310400000	22.9880535400000	1
156	2	12	4	81	19.2041522400000	19.6657268800000	19.6456051300000	19.6289618400000	19.3373404500000	18.8575885300000	18.2801477300000	17.6435365200000	18.7166839600000	19.7325757800000	19.8467394300000	20.0588970300000	19.6665144100000	15.0552507700000	1
157	2	5	3	82	26.0368052500000	24.5704072400000	24.5231055600000	25.4129392000000	26.7181291700000	27.6211352700000	27.4163189300000	26.4218737600000	26.5048352200000	26.3718236400000	26.1301866000000	25.6869923700000	25.1887650200000	26.2827318000000	1
158	2	11	3	0	-999	-999	-999	-999	-999	-999	-999	-999	-999	-999	-999	-999	-999	-999	0
159	2	7	2	83	9.62955718900000	-1.78351816700000	0.566053846000000	4.21412164400000	9.67819305300000	14.2291610500000	16.4395142300000	18.5865105300000	19.3238196300000	14.9413011500000	10.0072260400000	4.83204593700000	1.83277765900000	9.74371229800000	0
160	1	7	1	84	15.2315631300000	8.67814813700000	9.28577794200000	10.5756626900000	12.7976574900000	16.3735343900000	18.0571236800000	22.0314684700000	23.1383540800000	20.9532546400000	17.1705518100000	11.7346438700000	9.96666405000000	15.6430587900000	0
161	1	8	4	0	26.2375363400000	24.8197762000000	24.6453666900000	24.7550835400000	25.3679378500000	26.2031490700000	26.5820879700000	27.2937737400000	27.5769113500000	27.7245603400000	27.2342654900000	26.4501013800000	25.7328175600000	26.0802755300000	0
162	1	6	4	85	28.4962306500000	19.4644210400000	19.5196404400000	23.0757271700000	27.3285166800000	32.4777204600000	33.9857488800000	36.1436579800000	35.9240884100000	34.1976432400000	30.7301565500000	25.7012268600000	21.4074193900000	28.5712130100000	1
163	2	1	4	0	24.5232882800000	26.8174030600000	27.2242174400000	27.1352878100000	26.2855440500000	24.4845083800000	23.7797143200000	22.0471984000000	21.9342436900000	22.0893314200000	23.1549544400000	24.3021909300000	25.8903563800000	24.5177061300000	0
164	2	7	2	86	10.8236032000000	-2.78610614400000	1.74031938800000	5.95136121100000	11.7307280300000	15.0037568400000	17.5646820100000	20.5880908900000	21.9789503200000	17.0060450900000	11.3626427100000	6.11744168200000	0.609789994000000	11.8255707100000	0
165	2	7	2	0	-2.55721756400000	-20.7711568800000	-18.3009820400000	-10.9790911800000	-3.16450035900000	4.49729786600000	9.31260904400000	16.3731697300000	14.2005823100000	7.30103817800000	-2.15182113400000	-13.9697902400000	-18.7776224700000	6.37787212200000	0
166	2	3	4	0	19.0215737600000	19.3433917900000	19.8957461000000	19.5625119900000	18.4707534200000	17.7281419200000	17.8674212900000	19.1088875200000	20.2195638500000	20.2477416800000	19.2318675300000	18.2215767600000	18.2676130100000	18.7205208600000	0
167	2	11	1	0	28.0436337100000	28.6600909800000	28.6087135200000	28.6711911100000	28.7146664500000	28.3108193800000	28.0856945000000	27.2887088700000	27.2244427500000	27.3338989300000	27.6637523300000	27.9600907800000	28.2554977700000	28.0534635300000	0
168	1	7	1	0	13.2817690300000	4.02998079700000	5.93803978800000	8.22058905200000	12.2140871500000	14.5970229100000	17.4555000800000	22.9798489800000	23.3063136300000	18.2564181600000	14.3120010800000	9.35488150300000	5.46053043100000	13.2908540400000	0
169	2	3	4	0	-999	-999	-999	-999	-999	-999	-999	-999	-999	-999	-999	-999	-999	-999	0
170	1	6	4	87	27.1968627300000	16.4494174300000	18.3031470800000	23.4652036400000	27.4256831800000	32.4939059300000	33.9729239300000	35.9237215300000	35.6495941000000	33.2688255000000	27.8424951200000	21.8452919200000	17.7522396600000	27.8080649100000	1
171	2	3	4	88	29.9952514800000	26.4464202300000	27.3842550700000	29.8793356500000	31.8386913400000	32.7636182500000	32.6354321400000	30.5122414300000	29.2499105400000	30.1037872900000	31.8927077000000	30.2958927700000	26.9682640300000	27.3998248100000	1
172	2	7	2	0	11.2665607400000	-1.17654674200000	3.13429795000000	6.64408086000000	11.9737913500000	14.4393559000000	17.0359862700000	20.6457827600000	21.7359277000000	16.7540572200000	12.1984501400000	7.24839073000000	1.56320422200000	12.2137345800000	0
173	2	1	4	0	-999	-999	-999	-999	-999	-999	-999	-999	-999	-999	-999	-999	-999	-999	0
174	2	3	4	0	26.1715517200000	26.7116258900000	28.0033603100000	28.8421666200000	28.9495885600000	27.5150829300000	26.5007249500000	24.0331085400000	23.6239908700000	24.3018128200000	25.1787972600000	25.7288120000000	25.8280986700000	26.5043609000000	0
175	1	5	3	89	27.8218151800000	27.0534092800000	27.0304523200000	27.7001645500000	28.4068619300000	28.7684070600000	28.5576319700000	28.1412682000000	28.1217228700000	28.0301973500000	27.9865121200000	27.3716197100000	26.8649286900000	27.8373859600000	1
176	1	7	2	0	9.47038603500000	-3.06803801200000	0.694577106000000	4.67051628300000	10.2084193700000	13.7283932900000	16.2094901300000	18.9262650300000	19.8667732400000	14.8337799200000	9.87370244600000	4.90862007600000	-0.132729969000000	10.4499162900000	0
177	1	7	2	0	9.87392126400000	-0.628818152000000	1.71300879600000	5.10126576300000	9.90441015100000	12.7955903500000	15.5521640700000	19.3997694800000	19.4803871700000	14.5257816000000	10.3673805700000	5.61626431200000	1.47782332900000	10.1318898900000	0
178	2	11	3	0	27.8811174300000	28.4177709700000	28.2449816000000	28.4117202000000	28.2099986000000	28.0549697400000	27.8489078700000	27.2600646100000	27.1131335300000	27.3884139200000	27.7218287900000	27.9458815600000	28.1789839200000	27.7800521300000	0
179	2	2	4	0	27.3985001000000	25.8011423100000	26.8664787500000	28.5066016000000	28.9495889500000	28.6802499500000	28.3792274400000	27.1156178100000	27.5369593700000	27.9158537400000	27.2633371100000	26.3173706400000	25.7535252700000	27.3293017200000	0
180	2	1	4	90	19.0816075000000	24.1769014000000	23.7588042200000	22.2961601600000	19.5827079300000	16.3123136700000	14.7355676900000	12.4742757600000	14.4692980400000	17.9483713300000	20.0012957200000	21.8507252700000	23.2459211100000	19.0947967000000	1
181	2	12	4	0	-999	-999	-999	-999	-999	-999	-999	-999	-999	-999	-999	-999	-999	-999	0
182	1	7	1	91	14.0282901700000	6.16273792400000	6.97218669900000	8.76161982000000	11.2542746400000	15.2180371200000	17.8042680700000	23.1644773600000	23.4743404200000	20.1317843100000	15.6027949600000	9.23211188300000	7.58414689600000	14.7905919700000	0
183	2	5	3	92	26.4821535200000	24.6937956200000	25.2862904900000	26.5797650300000	27.8635837600000	27.7596835800000	27.6939076700000	27.4337926400000	26.9458835300000	26.9154980100000	26.2681951400000	25.5118768300000	24.8373818600000	26.0474582000000	1
184	2	3	4	0	-999	-999	-999	-999	-999	-999	-999	-999	-999	-999	-999	-999	-999	-999	0
185	2	8	4	0	27.0754462500000	25.8561929300000	25.6495921300000	25.6257930600000	26.1500413300000	26.8623862000000	27.1845587300000	27.8835770600000	28.2336292800000	28.5153770500000	28.1473036400000	27.5583255700000	26.8337543700000	27.0800725900000	0
186	2	8	4	0	-999	-999	-999	-999	-999	-999	-999	-999	-999	-999	-999	-999	-999	-999	0
187	2	10	4	0	6.27934964300000	-0.834397707000000	-2.01732808200000	-0.717808925000000	1.92542654800000	5.07984846400000	7.06127961900000	14.2608727200000	17.4602352100000	14.0990411600000	9.82018644100000	5.95792803200000	0.726927370000000	6.29480057200000	0
188	2	8	4	0	-999	-999	-999	-999	-999	-999	-999	-999	-999	-999	-999	-999	-999	-999	0
189	2	2	4	93	28.8546000400000	23.4059703100000	25.7927277600000	28.8529662200000	30.8673830700000	32.5394985000000	32.4405395000000	30.9007105300000	30.4823279400000	30.8926469900000	29.4600035700000	26.7142918000000	23.8869012200000	30.3907146000000	1
190	2	12	4	94	25.5025714400000	24.5867874600000	24.5265918000000	25.2187039900000	25.2033913400000	25.0951042700000	25.0701168700000	25.0436258400000	26.0031240700000	26.7280287900000	27.1091135600000	26.6410950900000	24.8038530700000	26.4188773600000	1
191	2	1	4	0	20.2986448100000	23.1193674400000	23.3093097400000	22.5668815200000	20.6586245600000	17.8872958800000	16.9884525300000	15.6744244700000	18.1037432300000	20.6796462300000	20.8524227100000	21.7725501500000	23.0872269000000	20.7524522400000	0
192	1	7	1	95	3.41832484800000	-6.96958232100000	-5.94756237800000	-3.57100310500000	1.41835384300000	8.00569801000000	10.1952147000000	15.1683720500000	12.8083705200000	9.15420649800000	2.97031342800000	-1.76401066500000	-3.15784397000000	7.57576459700000	0
193	1	7	1	96	6.40664652400000	-2.87189809500000	-1.12984433700000	1.42807688300000	5.36173721600000	8.66970453000000	11.4511379100000	15.5934627900000	15.3401676000000	11.3246290300000	7.53225713700000	1.75255493800000	-0.707342860000000	8.10989624400000	0
194	2	6	4	97	20.2794236200000	8.15003182800000	10.9577902200000	14.4644870800000	19.0154248700000	24.6201590900000	26.7381001300000	30.7000407200000	30.5721066900000	27.2500328100000	22.4931654500000	15.3315002400000	10.3691938200000	18.4533616600000	1
195	2	6	2	0	2.00959209800000	-10.7558875200000	-9.53590529500000	-3.75651138100000	1.52499307400000	6.81655126300000	9.07759886900000	15.2553241700000	13.5277364400000	9.64417850800000	2.34189066400000	-4.41073507900000	-8.56229529700000	12.6218295500000	1
196	2	1	4	98	22.5309183300000	22.4981517200000	22.8997913000000	22.9498157500000	21.8995979400000	21.1535125700000	20.9685478900000	20.8651269800000	22.3371412200000	23.6622384800000	24.3416732300000	24.1102646100000	22.9096209800000	23.5793698300000	1
197	2	5	3	99	26.1675154400000	23.8760904000000	25.5241545500000	28.5392154000000	30.2342342100000	29.1442797400000	28.1082311900000	25.7734414600000	25.6993794400000	25.8761967100000	25.3843109300000	24.1369667900000	22.7550447000000	27.9584075800000	1
198	2	5	3	0	26.6255180400000	27.1827832500000	27.1734256800000	27.1933645400000	27.1427616000000	26.6908643200000	26.1740981200000	25.0239751800000	24.9520469800000	25.7632096300000	27.0857076300000	27.8658672200000	27.8155862400000	26.5625267900000	0
199	2	3	4	100	28.3692344000000	28.5682765900000	30.1423845100000	31.4389201100000	31.4516570300000	30.1368169200000	28.9371200700000	25.6651306700000	24.8709687400000	25.5356094300000	27.1977473300000	28.9784170500000	28.8566462700000	27.8666303400000	1
200	2	11	3	0	-999	-999	-999	-999	-999	-999	-999	-999	-999	-999	-999	-999	-999	-999	0
201	2	11	3	0	24.9201453200000	26.8480927100000	27.4588385100000	26.7686315600000	26.1746595900000	24.9449161600000	24.5293516400000	23.0519759300000	22.8302399800000	22.8845089400000	23.9422107600000	24.5594312900000	25.6309707000000	24.9170898000000	0
202	1	8	4	101	27.2931130200000	26.1756861000000	26.1683884100000	26.6296870000000	27.1142429300000	27.6467140200000	27.5651295200000	27.5297373500000	27.9887480000000	28.3066516300000	28.0187925000000	27.6659638800000	26.7383551800000	27.2940630700000	1
203	2	2	4	102	21.0062536000000	11.1863210800000	12.8177148500000	15.7399102700000	19.7839147800000	23.4047033500000	26.0306975300000	31.1196832700000	29.9731856400000	27.2184350600000	22.6275812600000	16.4245481200000	12.6610142500000	19.4073215700000	1
204	2	6	1	103	11.9148008000000	-0.693620531000000	2.67467790100000	6.00099039500000	10.9007987400000	15.3263854300000	17.6313151500000	22.3469176000000	22.9052084700000	19.0415966100000	13.8555203500000	7.83626655200000	2.29008558700000	13.9615916000000	1
205	2	6	2	0	18.5977812600000	5.98856943400000	6.44489167700000	13.0475849700000	17.7190749800000	26.1123157900000	28.3332393000000	33.3777987700000	30.3538182000000	25.2258847800000	17.2277351100000	9.58542542400000	6.76972150900000	17.2257180100000	1
206	2	8	4	0	-999	-999	-999	-999	-999	-999	-999	-999	-999	-999	-999	-999	-999	-999	0
207	2	11	3	0	-999	-999	-999	-999	-999	-999	-999	-999	-999	-999	-999	-999	-999	-999	0
208	2	1	4	0	22.9386951800000	24.5425775100000	25.5115384700000	24.8982521200000	23.0233048500000	21.8245330300000	21.5908986100000	21.3998131300000	21.9717681000000	22.4970640200000	22.5499196700000	22.5251939200000	23.3299455800000	21.9955618100000	0
209	2	7	2	0	10.0447733400000	-4.00822448300000	-0.829120540000000	3.88020082100000	11.0996463400000	15.7842404600000	18.0181113900000	20.9110436500000	21.9132819300000	16.5448777900000	10.2778228800000	3.68352920300000	0.398960177000000	10.6778634700000	0
210	1	6	4	104	29.5959548200000	20.6752840100000	21.5616196200000	25.2899887900000	29.6556324900000	33.8301661500000	34.9903609400000	37.0586577700000	36.8367895900000	34.5975675400000	30.6808463000000	25.9873045400000	22.3863857600000	29.1715875100000	1
211	1	7	1	105	9.45414206600000	4.58120463100000	4.78599438900000	6.02620513000000	7.62148534500000	10.9092748400000	12.2093974100000	15.2540674400000	14.8363849900000	13.0349287700000	10.1078360600000	6.56828710200000	5.93939947500000	9.96778629800000	0
212	1	10	1	106	9.87525801800000	-2.46889972300000	-0.180310084000000	3.38137340500000	8.45405965800000	14.2560637700000	16.9495621700000	22.4221907100000	21.1242369900000	17.6344356200000	10.6018172900000	4.04931996700000	-0.935866114000000	14.4004238200000	0
213	2	12	4	107	17.5847654500000	24.6467895800000	24.2445020100000	20.8168879400000	18.9415266800000	14.4955026800000	13.2282301100000	11.6388508200000	12.4484206400000	14.4314352200000	16.3346919000000	19.2943089700000	22.2477242000000	17.4072128900000	1
214	2	6	2	0	15.3042112600000	1.57331781000000	2.04306997800000	9.79180827400000	15.4288952800000	23.3186868300000	25.6163393800000	31.2066935100000	27.6848051100000	21.9889893400000	13.8518534900000	5.63979783800000	2.38219158000000	15.6263729600000	1
215	2	11	3	0	26.5365000000000	27.7414148700000	28.2274519800000	28.3266247400000	27.5979420200000	26.6177370100000	26.1249270300000	24.9102591600000	24.8350086100000	25.0892153700000	25.8736630300000	26.5358308600000	27.1647924500000	26.2609598200000	0
216	2	12	4	108	24.6549588100000	24.3780069500000	24.9835989900000	25.7635215200000	25.6140048600000	24.6329453700000	24.2892863100000	23.7364880000000	24.3802151700000	24.7958600500000	24.8430182500000	24.6810952900000	24.1601655300000	25.2565299800000	1
217	2	5	3	109	23.8369563700000	19.6760899400000	20.3215409100000	23.3665819800000	25.9547788900000	26.8575563300000	26.8519017400000	26.0914100500000	26.0698884000000	25.4139962600000	23.8209081400000	21.8684011500000	19.5702120900000	26.1661191200000	1
218	2	11	3	0	-999	-999	-999	-999	-999	-999	-999	-999	-999	-999	-999	-999	-999	-999	0
219	2	2	4	0	23.7195525000000	17.6516694800000	18.4180880800000	21.0310426900000	21.9849621600000	23.8872967300000	25.1830044400000	29.2362085000000	30.4569843600000	28.8809917800000	26.3026443000000	21.4917283100000	18.4873749000000	20.5947086100000	0
220	2	6	4	110	26.9200824200000	19.9015880800000	21.5489674500000	25.8819272100000	28.0828847600000	30.5693282300000	31.6671840500000	32.6187599500000	32.1671696600000	30.3179132700000	26.2947136700000	22.8153918900000	19.7963056900000	24.1655670400000	1
221	2	1	4	111	21.7876524800000	22.0913482400000	22.0880725400000	21.8842170300000	20.8003123700000	19.6307101500000	18.6757612200000	17.8445946000000	21.3425395200000	24.4766306900000	26.2149037400000	24.7729540200000	22.6143840100000	21.4670310100000	1
222	2	1	4	112	22.0325038400000	24.3132521200000	23.7153772100000	22.9280017000000	21.2887546000000	18.9292265000000	17.8984690800000	16.5082795400000	20.0045623500000	23.3029578100000	25.6924863600000	25.6013512400000	25.3368309400000	20.9854753300000	1
