1992	4	39.5	1
1992	5	39.5	1
1992	6	39.5	1
1992	7	39.5	1
1992	8	39.5	1
1992	9	39.5	1
1992	10	37.25	1
1992	11	35	1
1992	12	35	1
1993	1	35	1
1993	2	31	1
1993	3	31	1
1993	4	31	1
1993	5	31	1
1993	6	31	1
1993	7	31	1
1993	8	31	1
1993	9	31	1
1993	10	31	1
1993	11	31	1
1993	12	31	1
1994	1	31	1
1994	2	31	1
1994	3	29.5	1
1994	4	29.5	1
1994	5	31.4	1
1994	6	33.6	1
1994	7	33.1	1
1994	8	33.1	1
1994	9	33.1	1
1994	10	33.1	1
1994	11	33.1	1
1994	12	36.1	1
1995	1	37.1	1
1995	2	37.6	1
1995	3	38.35	1
1995	4	37.1	1
1995	5	38.77	1
1995	6	40.77	1
1995	7	41.05	1
1995	8	40.88	1
1995	9	40.93	1
1995	10	40.97	1
1995	11	39.59	1
1995	12	39.35	1
1996	1	39.37	1
1996	2	39.28	1
1996	3	39.01	1
1996	4	39.33	1
1996	5	38.2	1
1996	6	38.2	1
1996	7	38.4	1
1996	8	38.35	1
1996	9	38.1	1
1996	10	37.6	1
1996	11	35.7	1
1996	12	35.35	1
1997	1	35.23	1
1997	2	34.6	1
1997	3	34.5	1
1997	4	35.4	1
1997	5	35.73	1
1997	6	34.5	1
1997	7	35	1
1997	8	36.93	1
1997	9	37.15	1
1997	10	37.15	1
1997	11	33.6	1
1997	12	31.4	1
1998	1	31.4	1
1998	2	33.44	1
1998	3	31.88	1
1998	4	31.18	1
1998	5	30.28	1
1998	6	30	1
1998	7	30	1
1998	8	26.2	1
1998	9	27.09	1
1998	10	27.1	1
1998	11	26.1	1
1998	12	26.1	1
1999	1	26.1	1
1999	2	26.1	1
1999	3	26.1	1
1999	4	26.1	1
1999	5	26.1	1
1999	6	26.1	1
1999	7	26.1	1
1999	8	26.1	1
1999	9	26.1	1
1999	10	25.6	1
1999	11	25.1	1
1999	12	25.1	1
2000	1	25.1	1
2000	2	25.1	1
2000	3	25.1	1
2000	4	25.1	1
2000	5	25.6	1
2000	6	25.6	1
2000	7	25.6	1
2000	8	25.6	1
2000	9	27.15	1
2000	10	27.15	1
2000	11	27.15	1
2000	12	30.75	1
2001	1	32.1	1
2001	2	32.1	1
2001	3	32.6	1
2001	4	33.5	1
2001	5	33.8	1
2001	6	33.9	1
2001	7	34	1
2001	8	33.8	1
2001	9	32.8	1
2001	10	32.4	1
2001	11	29.4	1
2001	12	27.35	1
2002	1	27.35	1
2002	2	28.1	1
2002	3	27.8	1
2002	4	27.09	1
2002	5	26.88	1
2002	6	24.9	1
2002	7	23.15	1
2002	8	22.25	1
2002	9	22.7	1
2002	10	24.5	1
2002	11	24.5	1
2002	12	24.5	1
2003	1	24.9	1
2003	2	25.15	1
2003	3	24.4	1
2003	4	23.45	1
2003	5	23.3	1
2003	6	24.1	1
2003	7	24.35	1
2003	8	25.33	1
2003	9	26.7	1
2003	10	27.5	1
2003	11	29.91	1
2003	12	34	1
2004	1	37.75	1
2004	2	41.75	1
2004	3	48.94	1
2004	4	53.25	1
2004	5	56.44	1
2004	6	59.55	1
2004	7	61.38	1
2004	8	59.25	1
2004	9	55.38	1
2004	10	56.63	1
2004	11	52.83	1
2004	12	52.25	1
2005	1	53.05	1
2005	2	49.9	1
2005	3	50.93	1
2005	4	51.25	1
2005	5	51.31	1
2005	6	51	1
2005	7	50.9	1
2005	8	49.13	1
2005	9	45.25	1
2005	10	42.46	1
2005	11	38.06	1
2005	12	38.23	1
2006	1	43.19	1
2006	2	47.7	1
2006	3	49.75	1
2006	4	52.88	1
2006	5	52.6	1
2006	6	52.38	1
2006	7	52.75	1
2006	8	50.94	1
2006	9	47.1	1
2006	10	44.05	1
2006	11	46	1
2006	12	49.75	1
2007	1	51.29	1
2007	2	52.9	1
2007	3	55.38	1
2007	4	56.12	1
2007	5	56	1
2007	6	61.6	1
2007	7	67.31	1
2007	8	69.35	1
2007	9	68.44	1
2007	10	74.81	1
2007	11	84.6	1
2007	12	91	1
2008	1	91.75	1
2008	2	132	1
2008	3	118.25	1
2008	4	123	1
2008	5	133.2	1
2008	6	159.75	1
2008	7	180	1
2008	8	158.4	1
2008	9	150	1
2008	10	108	1
2008	11	92.25	1
2008	12	78.65	1
2009	1	79.4	1
2009	2	75.38	1
2009	3	61	1
2009	4	63.56	1
2009	5	64.5	1
2009	6	71.38	1
2009	7	73.8	1
2009	8	72.5	1
2009	9	67.64	1
2009	10	71.07	1
2009	11	78.8	1
2009	12	83.1	1
2010	1	97	1
2010	2	94.19	1
2010	3	94.38	1
2010	4	100.15	1
2010	5	100.13	1
2010	6	98.19	1
2010	7	95.98	1
2010	8	89.78	1
2010	9	94.9	1
2010	10	97.45	1
2010	11	107.16	1
2010	12	118.29	1
2011	1	132.48	1
2011	2	128.36	1
2011	3	126.13	1
2011	4	122.5	1
2011	5	119.12	1
2011	6	120.09	1
2011	7	120.75	1
2011	8	120.13	1
2011	9	123.09	1
2011	10	119.39	1
2011	11	113.78	1
2011	12	111.56	1
2012	1	116.46	1
2012	2	117.02	1
2012	3	107.46	1
2012	4	103.59	1
2012	5	95.83	1
2012	6	87.19	1
2012	7	88.24	1
2012	8	91	1
2012	9	88.96	1
2012	10	81.85	1
2012	11	85.89	1
2012	12	92.88	1
2013	1	92.77	1
2013	2	94.94	1
2013	3	90.98	1
2013	4	87.76	1
2013	5	87.71	1
2013	6	82.75	1
2013	7	77.26	1
2013	8	76.96	1
2013	9	77.61	1
2013	10	79.41	1
2013	11	82.25	1
2013	12	84.34	1
2014	1	81.61	1
2014	2	76.29	1
2014	3	73.34	1
2014	4	72.82	1
2014	5	73.69	1
2014	6	71.48	1
2014	7	68.75	1
2014	8	68.94	1
2014	9	65.94	1
2014	10	63.71	1
2014	11	62.55	1
2014	12	62.44	1
2015	1	61.44	1
2015	2	69.05	1
2015	3	64.76	1
2015	4	56.24	1
2015	5	61.19	1
2015	6	58.96	1
2015	7	59.9	1
2015	8	59.14	1
2015	9	57.65	1
2015	10	54.26	1
2015	11	52.47	1
2015	12	52.21	1
2016	1	49.02	1
2016	2	50.27	1
2016	3	52.21	1
2016	4	50.69	1
2016	5	51.31	1
2016	6	52.85	1
2016	7	61.24	1
2016	8	67.39	1
2016	9	72.72	1
2016	10	94.2	1
2016	11	103.43	1
2016	12	88.15	1
2017	1	83.73	1
2017	2	79.98	1
2017	3	80.9	1
2017	4	83.65	1
2017	5	74.42	1
2017	6	81.09	1
2017	7	87.49	1
2017	8	98.58	1
2017	9	97.82	1
2017	10	97.11	1
2017	11	96.64	1
2017	12	100.81	1
2018	1	106.45	1
2018	2	105.95	1
2018	3	96.66	1
2018	4	93.69	1
2018	5	105.29	1
2018	6	114.33	1
2018	7	119.57	1
2018	8	117.34	1
2018	9	114.16	1
2018	10	108.73	1
2018	11	100.73	1
2018	12	101.37	1
2019	1	98.56	1
2019	2	95.42	1
2019	3	93.12	1
2019	4	86.77	1
2019	5	82.32	1
2019	6	72.49	1
2019	7	72.08	1
2019	8	65.55	1
2019	9	65.95	1
2019	10	69.2	1
2019	11	66.99	1
2019	12	66.18	1
2020	1	69.66	1
2020	2	67.64	1
2020	3	66.74	1
2020	4	58.55	1
2020	5	52.49	1
2020	6	52.21	1
2020	7	51.56	1
2020	8	50.14	1
2020	9	54.6	1
2020	10	58.4	1
2020	11	64.4	1
2020	12	83.03	1
2021	1	86.83	1
2021	2	86.74	1
1991	3	31	2
1991	4	31	2
1991	5	31	2
1991	6	31	2
1991	7	31	2
1991	8	31	2
1991	9	31	2
1991	10	31	2
1991	11	31	2
1991	12	31	2
1992	1	31	2
1992	2	31	2
1992	3	31	2
1992	4	31	2
1992	5	31	2
1992	6	29	2
1992	7	27	2
1992	8	27	2
1992	9	27	2
1992	10	27	2
1992	11	27	2
1992	12	27	2
1993	1	27	2
1993	2	27	2
1993	3	27	2
1993	4	27	2
1993	5	27	2
1993	6	27	2
1993	7	27	2
1993	8	27	2
1993	9	27	2
1993	10	27	2
1993	11	27	2
1993	12	26.5	2
1994	1	27	2
1994	2	27	2
1994	3	27	2
1994	4	27	2
1994	5	27	2
1994	6	28.5	2
1994	7	28.5	2
1994	8	28.5	2
1994	9	29	2
1994	10	30.75	2
1994	11	30.5	2
1994	12	32	2
1995	1	34	2
1995	2	34.5	2
1995	3	34.75	2
1995	4	35	2
1995	5	35	2
1995	6	34.89	2
1995	7	36.15	2
1995	8	35.7	2
1995	9	35.93	2
1995	10	35.75	2
1995	11	36.07	2
1995	12	35.01	2
1996	1	34.75	2
1996	2	34.25	2
1996	3	32.92	2
1996	4	33.67	2
1996	5	33.28	2
1996	6	32.4	2
1996	7	32.1	2
1996	8	32.03	2
1996	9	33.38	2
1996	10	34.25	2
1996	11	34.14	2
1996	12	35.04	2
1997	1	34.57	2
1997	2	33.8	2
1997	3	33.4	2
1997	4	32.99	2
1997	5	32.53	2
1997	6	32.28	2
1997	7	31.27	2
1997	8	31.03	2
1997	9	29.88	2
1997	10	29	2
1997	11	27.69	2
1997	12	27.75	2
1998	1	27.5	2
1998	2	26.76	2
1998	3	26.74	2
1998	4	27.35	2
1998	5	27.63	2
1998	6	27.33	2
1998	7	26.55	2
1998	8	26.3	2
1998	9	26.43	2
1998	10	26.08	2
1998	11	26.7	2
1998	12	26.7	2
1999	1	26.5	2
1999	2	26.38	2
1999	3	25.05	2
1999	4	25.05	2
1999	5	25.05	2
1999	6	25.25	2
1999	7	23.78	2
1999	8	23.14	2
1999	9	22.5	2
1999	10	22.5	2
1999	11	23.5	2
1999	12	22.58	2
2000	1	22.78	2
2000	2	23.62	2
2000	3	24.4	2
2000	4	24.94	2
2000	5	26.05	2
2000	6	27	2
2000	7	27	2
2000	8	27	2
2000	9	27	2
2000	10	28.18	2
2000	11	26.17	2
2000	12	34.7	2
2001	1	34.95	2
2001	2	34.35	2
2001	3	35.5	2
2001	4	35.53	2
2001	5	34.75	2
2001	6	34.75	2
2001	7	34.35	2
2001	8	34.15	2
2001	9	33.06	2
2001	10	33.03	2
2001	11	31.5	2
2001	12	30.45	2
2002	1	29.7	2
2002	2	28.95	2
2002	3	28.35	2
2002	4	26.83	2
2002	5	25.75	2
2002	6	24.38	2
2002	7	22.73	2
2002	8	21.25	2
2002	9	23.08	2
2002	10	27.35	2
2002	11	26.98	2
2002	12	26.94	2
2003	1	27.46	2
2003	2	27	2
2003	3	25.75	2
2003	4	23.83	2
2003	5	23.65	2
2003	6	26.75	2
2003	7	29.5	2
2003	8	30.19	2
2003	9	34.14	2
2003	10	36.69	2
2003	11	39.19	2
2003	12	38.69	2
2004	1	41.25	2
2004	2	42.25	2
2004	3	42.5	2
2004	4	47.25	2
2004	5	52.56	2
2004	6	62.55	2
2004	7	68.5	2
2004	8	63.63	2
2004	9	61	2
2004	10	59.69	2
2004	11	60.75	2
2004	12	54.29	2
2005	1	51.42	2
2005	2	46.63	2
2005	3	45.3	2
2005	4	46.25	2
2005	5	45.88	2
2005	6	49.13	2
2005	7	51.31	2
2005	8	49.5	2
2005	9	46.63	2
2005	10	43.25	2
2005	11	38.08	2
2005	12	41	2
2006	1	44.66	2
2006	2	49.4	2
2006	3	54.5	2
2006	4	54.88	2
2006	5	50.4	2
2006	6	52.38	2
2006	7	51.68	2
2006	8	53.59	2
2006	9	48.75	2
2006	10	49.21	2
2006	11	48.2	2
2006	12	50.69	2
2007	1	50.14	2
2007	2	51.64	2
2007	3	53.48	2
2007	4	51.36	2
2007	5	50.25	2
2007	6	56.78	2
2007	7	58.06	2
2007	8	60.18	2
2007	9	62.81	2
2007	10	73.12	2
2007	11	89.75	2
2007	12	94.25	2
2008	1	100.62	2
2008	2	115	2
2008	3	111	2
2008	4	108.75	2
2008	5	120.7	2
2008	6	142.38	2
2008	7	167.75	2
2008	8	156.9	2
2008	9	147.75	2
2008	10	109.7	2
2008	11	89.38	2
2008	12	77.25	2
2009	1	76.4	2
2009	2	69.06	2
2009	3	58.56	2
2009	4	62.88	2
2009	5	58.03	2
2009	6	60.2	2
2009	7	61.1	2
2009	8	64.25	2
2009	9	61.13	2
2009	10	64.35	2
2009	11	66.44	2
2009	12	73.8	2
2010	1	86.94	2
2010	2	83.36	2
2010	3	82.96	2
2010	4	88.7	2
2010	5	90.94	2
2010	6	92.81	2
2010	7	90.61	2
2010	8	87.9	2
2010	9	85.82	2
2010	10	90.99	2
2010	11	103.2	2
2010	12	115.24	2
2011	1	122.62	2
2011	2	117.74	2
2011	3	121	2
2011	4	124.03	2
2011	5	120.46	2
2011	6	119.01	2
2011	7	116.27	2
2011	8	118.27	2
2011	9	115.62	2
2011	10	110.88	2
2011	11	105.47	2
2011	12	104.19	2
2012	1	106.26	2
2012	2	105.3	2
2012	3	103.43	2
2012	4	101.33	2
2012	5	93.77	2
2012	6	85.31	2
2012	7	87.33	2
2012	8	89.11	2
2012	9	85.82	2
2012	10	82.8	2
2012	11	85.74	2
2012	12	88.84	2
2013	1	86.13	2
2013	2	85.13	2
2013	3	82.77	2
2013	4	82.02	2
2013	5	81.79	2
2013	6	77.29	2
2013	7	72.64	2
2013	8	72.91	2
2013	9	73.1	2
2013	10	80.65	2
2013	11	83.82	2
2013	12	84.62	2
2014	1	82.9	2
2014	2	77.6	2
2014	3	74.6	2
2014	4	75.06	2
2014	5	75.78	2
2014	6	74.09	2
2014	7	71.44	2
2014	8	71.19	2
2014	9	67.86	2
2014	10	65.74	2
2014	11	65.66	2
2014	12	66.14	2
2015	1	59.29	2
2015	2	63.48	2
2015	3	59.92	2
2015	4	58.95	2
2015	5	61.63	2
2015	6	60.71	2
2015	7	57.9	2
2015	8	55.02	2
2015	9	51.38	2
2015	10	50.11	2
2015	11	53.34	2
2015	12	48.77	2
2016	1	49.09	2
2016	2	50.33	2
2016	3	52.57	2
2016	4	52.35	2
2016	5	54.24	2
2016	6	58.59	2
2016	7	62.39	2
2016	8	66.34	2
2016	9	68.33	2
2016	10	83.79	2
2016	11	89.15	2
2016	12	80.19	2
2017	1	86.49	2
2017	2	83.6	2
2017	3	79.11	2
2017	4	78.89	2
2017	5	74.41	2
2017	6	79.2	2
2017	7	81.69	2
2017	8	87.84	2
2017	9	92.26	2
2017	10	91.43	2
2017	11	91.39	2
2017	12	95.48	2
2018	1	97.48	2
2018	2	92.68	2
2018	3	89.5	2
2018	4	92.32	2
2018	5	101.89	2
2018	6	103.88	2
2018	7	106.02	2
2018	8	98.48	2
2018	9	102.14	2
2018	10	100.34	2
2018	11	91.58	2
2018	12	95.41	2
2019	1	91.29	2
2019	2	84.16	2
2019	3	78.81	2
2019	4	72.49	2
2019	5	68.93	2
2019	6	62.94	2
2019	7	65.79	2
2019	8	60.43	2
2019	9	61.37	2
2019	10	67.44	2
2019	11	73.62	2
2019	12	76.03	2
2020	1	82.09	2
2020	2	79.99	2
2020	3	67.89	2
2020	4	56.58	2
2020	5	57.42	2
2020	6	56.81	2
2020	7	56.6	2
2020	8	57.38	2
2020	9	57.47	2
2020	10	61.04	2
2020	11	69.43	2
2020	12	85.18	2
2021	1	86.85	2
2021	2	82.76	2
2001	1	33.69	3
2001	2	36.55	3
2001	3	37.3	3
2001	4	37.8	3
2001	5	37.8	3
2001	6	37.9	3
2001	7	37.9	3
2001	8	37.9	3
2001	9	37.65	3
2001	10	36.93	3
2001	11	33.65	3
2001	12	32.05	3
2002	1	31.45	3
2002	2	30.2	3
2002	3	29.5	3
2002	4	29.9	3
2002	5	29	3
2002	6	26.75	3
2002	7	25.88	3
2002	8	25.3	3
2002	9	26.35	3
2002	10	29.13	3
2002	11	29.25	3
2002	12	29.5	3
2003	1	29.83	3
2003	2	29.85	3
2003	3	29.85	3
2003	4	27.85	3
2003	5	28.08	3
2003	6	30.1	3
2003	7	33.05	3
2003	8	33.1	3
2003	9	34.63	3
2003	10	40.98	3
2003	11	43.68	3
2003	12	44.58	3
2004	1	46.05	3
2004	2	47.6	3
2004	3	48.65	3
2004	4	49.7	3
2004	5	52.69	3
2004	6	63.49	3
2004	7	72.45	3
2004	8	69.98	3
2004	9	70.75	3
2004	10	71.13	3
2004	11	70.63	3
2004	12	68.05	3
2005	1	63.82	3
2005	2	59.05	3
2005	3	54.53	3
2005	4	51.85	3
2005	5	51.29	3
2005	6	49.75	3
2005	7	52.25	3
2005	8	51.5	3
2005	9	49.94	3
2005	10	44.89	3
2005	11	41.24	3
2005	12	43	3
2006	1	46.36	3
2006	2	50.12	3
2006	3	55.58	3
2006	4	55.72	3
2006	5	53.15	3
2006	6	54.25	3
2006	7	53.05	3
2006	8	55.44	3
2006	9	49.5	3
2006	10	50.25	3
2006	11	51.19	3
2006	12	51.75	3
2007	1	51.19	3
2007	2	52.7	3
2007	3	53.59	3
2007	4	51.94	3
2007	5	51.3	3
2007	6	57.7	3
2007	7	59	3
2007	8	63.06	3
2007	9	63.06	3
2007	10	74.12	3
2007	11	91.3	3
2007	12	96.12	3
2008	1	102.18	3
2008	2	117.2	3
2008	3	113	3
2008	4	110.5	3
2008	5	122.2	3
2008	6	143.88	3
2008	7	170.75	3
2008	8	158.75	3
2008	9	149.13	3
2008	10	112.05	3
2008	11	90.56	3
2008	12	78.38	3
2009	1	77.7	3
2009	2	69.94	3
2009	3	57.31	3
2009	4	59.13	3
2009	5	55.4	3
2009	6	56.88	3
2009	7	57.6	3
2009	8	57.5	3
2009	9	52.88	3
2009	10	55.75	3
2009	11	55.13	3
2009	12	57.75	3
2010	1	63.06	3
2010	2	60.19	3
2010	3	60.69	3
2010	4	69.3	3
2010	5	78.63	3
2010	6	80.13	3
2010	7	81.65	3
2010	8	79.19	3
2010	9	79.13	3
2010	10	85.2	3
2010	11	91.38	3
2010	12	107.13	3
2011	1	115.38	3
2011	2	111.63	3
2011	3	116.5	3
2011	4	119.8	3
2011	5	115	3
2011	6	114.38	3
2011	7	114.83	3
2011	8	115.5	3
2011	9	111.43	3
2011	10	103.56	3
2011	11	101.63	3
2011	12	98.35	3
2012	1	96.3	3
2012	2	90.41	3
2012	3	88.6	3
2012	4	88.25	3
2012	5	79.7	3
2012	6	78.72	3
2012	7	81.13	3
2012	8	85.82	3
2012	9	81.1	3
2012	10	77.46	3
2012	11	78.85	3
2012	12	81.5	3
2013	1	78.53	3
2013	2	80.7	3
2013	3	78.68	3
2013	4	75.05	3
2013	5	73.43	3
2013	6	65.57	3
2013	7	66.3	3
2013	8	65.63	3
2013	9	65.38	3
2013	10	67.7	3
2013	11	72.38	3
2013	12	73.2	3
2014	1	71.25	3
2014	2	69.93	3
2014	3	64.13	3
2014	4	64.5	3
2014	5	66.62	3
2014	6	63.3	3
2014	7	66.13	3
2014	8	68.78	3
2014	9	65.5	3
2014	10	63.8	3
2014	11	63.5	3
2014	12	63.75	3
2015	1	56.65	3
2015	2	57.75	3
2015	3	57.64	3
2015	4	55.31	3
2015	5	54.34	3
2015	6	53.25	3
2015	7	52.34	3
2015	8	49.65	3
2015	9	49.13	3
2015	10	48.56	3
2015	11	50.76	3
2015	12	44.7	3
2016	1	43.01	3
2016	2	41.38	3
2016	3	43.84	3
2016	4	43.12	3
2016	5	44.39	3
2016	6	46.78	3
2016	7	54.23	3
2016	8	57.85	3
2016	9	60.95	3
2016	10	78.88	3
2016	11	86.69	3
2016	12	89.8	3
2017	1	83.75	3
2017	2	79.5	3
2017	3	68.5	3
2017	4	67.95	3
2017	5	67.95	3
2017	6	73.98	3
2017	7	78.75	3
2017	8	79.19	3
2017	9	82.74	3
2017	10	84.06	3
2017	11	83.78	3
2017	12	83.9	3
2018	1	86.38	3
2018	2	81.5	3
2018	3	75.8	3
2018	4	78.25	3
2018	5	83.44	3
1991	3	18.07	4
1991	4	18.47	4
1991	5	18.82	4
1991	6	17.93	4
1991	7	19.05	4
1991	8	19.37	4
1991	9	20.05	4
1991	10	21.47	4
1991	11	20.77	4
1991	12	17.75	4
1992	1	17.38	4
1992	2	17.62	4
1992	3	17.45	4
1992	4	18.63	4
1992	5	19.5	4
1992	6	20.83	4
1992	7	20.17	4
1992	8	19.62	4
1992	9	20.15	4
1992	10	20.08	4
1992	11	18.88	4
1992	12	17.93	4
1993	1	17.22	4
1993	2	18.17	4
1993	3	18.47	4
1993	4	18.43	4
1993	5	18.17	4
1993	6	17.47	4
1993	7	16.32	4
1993	8	16.48	4
1993	9	15.9	4
1993	10	16.52	4
1993	11	15.2	4
1993	12	13.77	4
1994	1	14.13	4
1994	2	13.78	4
1994	3	13.62	4
1994	4	15.08	4
1994	5	16.28	4
1994	6	17.17	4
1994	7	17.88	4
1994	8	17	4
1994	9	16.2	4
1994	10	16.47	4
1994	11	17.08	4
1994	12	15.94	4
1995	1	16.9	4
1995	2	17.42	4
1995	3	17.35	4
1995	4	18.65	4
1995	5	18.42	4
1995	6	17.36	4
1995	7	16.08	4
1995	8	16.47	4
1995	9	16.82	4
1995	10	16.12	4
1995	11	16.74	4
1995	12	17.87	4
1996	1	17.8	4
1996	2	17.7	4
1996	3	19.4	4
1996	4	20.66	4
1996	5	19.06	4
1996	6	18.51	4
1996	7	19.59	4
1996	8	20.44	4
1996	9	22.26	4
1996	10	23.61	4
1996	11	22.39	4
1996	12	23.62	4
1997	1	23.23	4
1997	2	20.42	4
1997	3	19.33	4
1997	4	17.88	4
1997	5	19.37	4
1997	6	17.92	4
1997	7	18.33	4
1997	8	18.7	4
1997	9	18.66	4
1997	10	20.04	4
1997	11	19.09	4
1997	12	17.09	4
1998	1	15	4
1998	2	14.1	4
1998	3	13.12	4
1998	4	13.5	4
1998	5	14.03	4
1998	6	12.48	4
1998	7	12.7	4
1998	8	12.49	4
1998	9	13.8	4
1998	10	13.26	4
1998	11	11.88	4
1998	12	10.41	4
1999	1	11.44	4
1999	2	10.75	4
1999	3	13.17	4
1999	4	15.87	4
1999	5	16.06	4
1999	6	16.39	4
1999	7	18.99	4
1999	8	20.27	4
1999	9	22.7	4
1999	10	21.95	4
1999	11	24.16	4
1999	12	25.1	4
2000	1	25.31	4
2000	2	27.22	4
2000	3	27.49	4
2000	4	23.47	4
2000	5	27.19	4
2000	6	29.62	4
2000	7	28.18	4
2000	8	29.26	4
2000	9	32.08	4
2000	10	31.4	4
2000	11	32.33	4
2000	12	25.2	4
2001	1	25.96	4
2001	2	27.24	4
2001	3	25.02	4
2001	4	25.72	4
2001	5	27.55	4
2001	6	26.97	4
2001	7	24.8	4
2001	8	25.82	4
2001	9	25.21	4
2001	10	20.73	4
2001	11	18.69	4
2001	12	18.52	4
2002	1	19.15	4
2002	2	19.98	4
2002	3	23.64	4
2002	4	25.43	4
2002	5	25.67	4
2002	6	24.49	4
2002	7	25.75	4
2002	8	26.78	4
2002	9	28.28	4
2002	10	27.53	4
2002	11	24.54	4
2002	12	27.89	4
2003	1	30.75	4
2003	2	32.88	4
2003	3	30.36	4
2003	4	25.56	4
2003	5	26.06	4
2003	6	27.92	4
2003	7	28.59	4
2003	8	29.68	4
2003	9	26.88	4
2003	10	29.01	4
2003	11	29.12	4
2003	12	29.97	4
2004	1	31.37	4
2004	2	31.33	4
2004	3	33.67	4
2004	4	33.71	4
2004	5	37.56	4
2004	6	35.54	4
2004	7	37.89	4
2004	8	42.08	4
2004	9	41.6	4
2004	10	46.88	4
2004	11	42.13	4
2004	12	39.04	4
2005	1	42.97	4
2005	2	44.82	4
2005	3	50.94	4
2005	4	50.64	4
2005	5	47.83	4
2005	6	53.89	4
2005	7	56.37	4
2005	8	61.89	4
2005	9	61.69	4
2005	10	58.19	4
2005	11	55.04	4
2005	12	56.43	4
2006	1	62.46	4
2006	2	59.7	4
2006	3	60.93	4
2006	4	67.97	4
2006	5	68.68	4
2006	6	68.29	4
2006	7	72.45	4
2006	8	71.81	4
2006	9	62.12	4
2006	10	57.91	4
2006	11	58.14	4
2006	12	60.99	4
2007	1	53.52	4
2007	2	57.56	4
2007	3	60.6	4
2007	4	65.06	4
2007	5	65.16	4
2007	6	68.19	4
2007	7	73.6	4
2007	8	70.13	4
2007	9	76.76	4
2007	10	81.97	4
2007	11	91.34	4
2007	12	89.52	4
2008	1	90.69	4
2008	2	93.39	4
2008	3	101.84	4
2008	4	108.76	4
2008	5	122.63	4
2008	6	131.52	4
2008	7	132.83	4
2008	8	114.57	4
2008	9	99.66	4
2008	10	72.69	4
2008	11	53.97	4
2008	12	41.34	4
2009	1	43.86	4
2009	2	41.84	4
2009	3	46.65	4
2009	4	50.28	4
2009	5	58.15	4
2009	6	69.15	4
2009	7	64.67	4
2009	8	71.63	4
2009	9	68.35	4
2009	10	74.08	4
2009	11	77.55	4
2009	12	74.88	4
2010	1	77.12	4
2010	2	74.76	4
2010	3	79.3	4
2010	4	84.18	4
2010	5	75.62	4
2010	6	74.73	4
2010	7	74.58	4
2010	8	75.83	4
2010	9	76.12	4
2010	10	81.72	4
2010	11	84.53	4
2010	12	90.01	4
2011	1	92.69	4
2011	2	97.91	4
2011	3	108.65	4
2011	4	116.24	4
2011	5	108.07	4
2011	6	105.85	4
2011	7	107.92	4
2011	8	100.49	4
2011	9	100.82	4
2011	10	99.85	4
2011	11	105.41	4
2011	12	104.23	4
2012	1	107.07	4
2012	2	112.69	4
2012	3	117.79	4
2012	4	113.67	4
2012	5	104.09	4
2012	6	90.73	4
2012	7	96.75	4
2012	8	105.27	4
2012	9	106.28	4
2012	10	103.41	4
2012	11	101.17	4
2012	12	101.19	4
2013	1	105.1	4
2013	2	107.64	4
2013	3	102.52	4
2013	4	98.85	4
2013	5	99.37	4
2013	6	99.74	4
2013	7	105.26	4
2013	8	108.16	4
2013	9	108.76	4
2013	10	105.43	4
2013	11	102.63	4
2013	12	105.48	4
2014	1	102.1	4
2014	2	104.83	4
2014	3	104.04	4
2014	4	104.87	4
2014	5	105.71	4
2014	6	108.37	4
2014	7	105.23	4
2014	8	100.05	4
2014	9	95.85	4
2014	10	86.08	4
2014	11	76.99	4
2014	12	60.7	4
2015	1	47.11	4
2015	2	54.79	4
2015	3	52.83	4
2015	4	57.54	4
2015	5	62.51	4
2015	6	61.31	4
2015	7	54.34	4
2015	8	45.69	4
2015	9	46.28	4
2015	10	46.96	4
2015	11	43.11	4
2015	12	36.57	4
2016	1	29.78	4
2016	2	31.03	4
2016	3	37.34	4
2016	4	40.75	4
2016	5	45.94	4
2016	6	47.69	4
2016	7	44.13	4
2016	8	44.88	4
2016	9	45.04	4
2016	10	49.29	4
2016	11	45.26	4
2016	12	52.62	4
2017	1	53.59	4
2017	2	54.35	4
2017	3	50.9	4
2017	4	52.16	4
2017	5	49.89	4
2017	6	46.17	4
2017	7	47.66	4
2017	8	49.94	4
2017	9	52.95	4
2017	10	54.92	4
2017	11	59.93	4
2017	12	61.19	4
2018	1	66.23	4
2018	2	63.46	4
2018	3	64.17	4
2018	4	68.79	4
2018	5	73.43	4
2018	6	71.98	4
2018	7	72.67	4
2018	8	71.08	4
2018	9	75.36	4
2018	10	76.73	4
2018	11	62.32	4
2018	12	53.96	4
2019	1	56.58	4
2019	2	61.13	4
2019	3	63.79	4
2019	4	68.58	4
2019	5	66.83	4
2019	6	59.76	4
2019	7	61.48	4
2019	8	57.67	4
2019	9	60.04	4
2019	10	57.27	4
2019	11	60.4	4
2019	12	63.35	4
2020	1	61.63	4
2020	2	53.35	4
2020	3	32.2	4
2020	4	21.04	4
2020	5	30.38	4
2020	6	39.46	4
2020	7	42.07	4
2020	8	43.44	4
2020	9	40.6	4
2020	10	39.9	4
2020	11	42.3	4
2020	12	48.73	4
2021	1	53.6	4
2021	2	60.46	4
2021	3	63.83	4
2021	4	62.95	4
2021	5	66.4	4
1991	3	19.45	5
1991	4	19.25	5
1991	5	19.3	5
1991	6	18.2	5
1991	7	19.45	5
1991	8	19.75	5
1991	9	20.5	5
1991	10	22.2	5
1991	11	21.25	5
1991	12	18.4	5
1992	1	18.15	5
1992	2	18.1	5
1992	3	17.6	5
1992	4	18.95	5
1992	5	19.9	5
1992	6	21.15	5
1992	7	20.25	5
1992	8	19.75	5
1992	9	20.25	5
1992	10	20.3	5
1992	11	19.2	5
1992	12	18.15	5
1993	1	17.4	5
1993	2	18.45	5
1993	3	18.75	5
1993	4	18.65	5
1993	5	18.5	5
1993	6	17.65	5
1993	7	16.8	5
1993	8	16.7	5
1993	9	16	5
1993	10	16.6	5
1993	11	15.15	5
1993	12	13.6	5
1994	1	14.25	5
1994	2	13.8	5
1994	3	13.95	5
1994	4	15.15	5
1994	5	16.2	5
1994	6	16.75	5
1994	7	17.6	5
1994	8	16.8	5
1994	9	15.9	5
1994	10	16.4	5
1994	11	17.2	5
1994	12	15.96	5
1995	1	16.63	5
1995	2	17.08	5
1995	3	17.01	5
1995	4	18.67	5
1995	5	18.38	5
1995	6	17.35	5
1995	7	15.86	5
1995	8	16.07	5
1995	9	16.78	5
1995	10	16.12	5
1995	11	16.88	5
1995	12	17.96	5
1996	1	17.94	5
1996	2	17.97	5
1996	3	19.99	5
1996	4	21.01	5
1996	5	19.12	5
1996	6	18.27	5
1996	7	19.61	5
1996	8	20.58	5
1996	9	22.59	5
1996	10	24.18	5
1996	11	22.64	5
1996	12	23.9	5
1997	1	23.47	5
1997	2	20.83	5
1997	3	19.21	5
1997	4	17.47	5
1997	5	19.14	5
1997	6	17.55	5
1997	7	18.4	5
1997	8	18.71	5
1997	9	18.45	5
1997	10	19.85	5
1997	11	19	5
1997	12	17	5
1998	1	15.09	5
1998	2	14.06	5
1998	3	13.08	5
1998	4	13.39	5
1998	5	14.39	5
1998	6	12.06	5
1998	7	12.01	5
1998	8	11.88	5
1998	9	13.36	5
1998	10	12.56	5
1998	11	10.92	5
1998	12	9.8	5
1999	1	11.06	5
1999	2	10.2	5
1999	3	12.47	5
1999	4	15.3	5
1999	5	15.14	5
1999	6	15.77	5
1999	7	19.01	5
1999	8	20.22	5
1999	9	22.4	5
1999	10	21.95	5
1999	11	24.59	5
1999	12	25.59	5
2000	1	25.38	5
2000	2	27.7	5
2000	3	27.47	5
2000	4	22.54	5
2000	5	27.34	5
2000	6	29.68	5
2000	7	28.53	5
2000	8	29.43	5
2000	9	32.62	5
2000	10	30.93	5
2000	11	32.52	5
2000	12	25.13	5
2001	1	25.64	5
2001	2	27.41	5
2001	3	24.4	5
2001	4	25.64	5
2001	5	28.45	5
2001	6	27.72	5
2001	7	24.54	5
2001	8	25.7	5
2001	9	25.54	5
2001	10	20.48	5
2001	11	18.94	5
2001	12	18.6	5
2002	1	19.49	5
2002	2	20.29	5
2002	3	23.69	5
2002	4	25.65	5
2002	5	25.39	5
2002	6	24.13	5
2002	7	25.77	5
2002	8	26.63	5
2002	9	28.34	5
2002	10	27.55	5
2002	11	24.18	5
2002	12	28.52	5
2003	1	31.25	5
2003	2	32.65	5
2003	3	30.34	5
2003	4	25.02	5
2003	5	25.81	5
2003	6	27.55	5
2003	7	28.4	5
2003	8	29.83	5
2003	9	27.1	5
2003	10	29.59	5
2003	11	28.77	5
2003	12	29.93	5
2004	1	31.18	5
2004	2	30.87	5
2004	3	33.8	5
2004	4	33.36	5
2004	5	37.92	5
2004	6	35.19	5
2004	7	38.37	5
2004	8	43.03	5
2004	9	43.38	5
2004	10	49.82	5
2004	11	43.05	5
2004	12	39.64	5
2005	1	44.28	5
2005	2	45.56	5
2005	3	53.08	5
2005	4	51.86	5
2005	5	48.67	5
2005	6	54.31	5
2005	7	57.58	5
2005	8	64.09	5
2005	9	62.98	5
2005	10	58.52	5
2005	11	55.54	5
2005	12	56.75	5
2006	1	63.57	5
2006	2	59.92	5
2006	3	62.25	5
2006	4	70.44	5
2006	5	70.19	5
2006	6	68.86	5
2006	7	73.9	5
2006	8	73.61	5
2006	9	62.77	5
2006	10	58.38	5
2006	11	58.48	5
2006	12	62.31	5
2007	1	54.3	5
2007	2	57.76	5
2007	3	62.14	5
2007	4	67.4	5
2007	5	67.48	5
2007	6	71.32	5
2007	7	77.2	5
2007	8	70.8	5
2007	9	77.13	5
2007	10	82.86	5
2007	11	92.53	5
2007	12	91.45	5
2008	1	91.92	5
2008	2	94.82	5
2008	3	103.28	5
2008	4	110.19	5
2008	5	123.94	5
2008	6	133.05	5
2008	7	133.87	5
2008	8	113.85	5
2008	9	99.06	5
2008	10	72.84	5
2008	11	53.24	5
2008	12	41.58	5
2009	1	44.86	5
2009	2	43.24	5
2009	3	46.84	5
2009	4	50.85	5
2009	5	57.94	5
2009	6	68.62	5
2009	7	64.91	5
2009	8	72.5	5
2009	9	67.69	5
2009	10	73.19	5
2009	11	77.04	5
2009	12	74.67	5
2010	1	76.37	5
2010	2	74.31	5
2010	3	79.27	5
2010	4	84.98	5
2010	5	76.25	5
2010	6	74.84	5
2010	7	74.74	5
2010	8	76.69	5
2010	9	77.79	5
2010	10	82.92	5
2010	11	85.67	5
2010	12	91.8	5
2011	1	96.29	5
2011	2	103.96	5
2011	3	114.44	5
2011	4	123.07	5
2011	5	114.46	5
2011	6	113.76	5
2011	7	116.46	5
2011	8	110.08	5
2011	9	110.88	5
2011	10	109.47	5
2011	11	110.5	5
2011	12	107.91	5
2012	1	111.16	5
2012	2	119.7	5
2012	3	124.93	5
2012	4	120.46	5
2012	5	110.52	5
2012	6	95.59	5
2012	7	103.14	5
2012	8	113.34	5
2012	9	113.38	5
2012	10	111.97	5
2012	11	109.71	5
2012	12	109.68	5
2013	1	112.97	5
2013	2	116.52	5
2013	3	109.24	5
2013	4	102.88	5
2013	5	103.03	5
2013	6	103.11	5
2013	7	107.72	5
2013	8	110.96	5
2013	9	111.62	5
2013	10	109.48	5
2013	11	108.08	5
2013	12	110.67	5
2014	1	107.42	5
2014	2	108.81	5
2014	3	107.4	5
2014	4	107.79	5
2014	5	109.68	5
2014	6	111.87	5
2014	7	106.98	5
2014	8	101.92	5
2014	9	97.34	5
2014	10	87.27	5
2014	11	78.44	5
2014	12	62.33	5
2015	1	48.07	5
2015	2	57.93	5
2015	3	55.79	5
2015	4	59.39	5
2015	5	64.56	5
2015	6	62.34	5
2015	7	55.87	5
2015	8	46.99	5
2015	9	47.24	5
2015	10	48.12	5
2015	11	44.42	5
2015	12	37.72	5
2016	1	30.8	5
2016	2	33.2	5
2016	3	39.07	5
2016	4	42.25	5
2016	5	47.13	5
2016	6	48.48	5
2016	7	45.07	5
2016	8	46.14	5
2016	9	46.19	5
2016	10	49.73	5
2016	11	46.44	5
2016	12	54.07	5
2017	1	54.89	5
2017	2	55.49	5
2017	3	51.97	5
2017	4	52.98	5
2017	5	50.87	5
2017	6	46.89	5
2017	7	48.69	5
2017	8	51.37	5
2017	9	55.16	5
2017	10	57.62	5
2017	11	62.57	5
2017	12	64.21	5
2018	1	68.99	5
2018	2	65.42	5
2018	3	66.45	5
2018	4	71.63	5
2018	5	76.65	5
2018	6	75.19	5
2018	7	74.44	5
2018	8	73.13	5
2018	9	78.86	5
2018	10	80.47	5
2018	11	65.17	5
2018	12	56.46	5
2019	1	59.27	5
2019	2	64.13	5
2019	3	66.41	5
2019	4	71.2	5
2019	5	70.53	5
2019	6	63.3	5
2019	7	64	5
2019	8	59.25	5
2019	9	62.33	5
2019	10	59.37	5
2019	11	62.74	5
2019	12	65.85	5
2020	1	63.6	5
2020	2	55	5
2020	3	32.98	5
2020	4	23.34	5
2020	5	31.02	5
2020	6	39.93	5
2020	7	42.81	5
2020	8	44.26	5
2020	9	41.09	5
2020	10	40.47	5
2020	11	43.23	5
2020	12	49.87	5
2021	1	54.55	5
2021	2	61.96	5
2021	3	65.19	5
2021	4	64.77	5
2021	5	68.04	5
1991	3	14.85	6
1991	4	15.35	6
1991	5	15.9	6
1991	6	15.4	6
1991	7	16.25	6
1991	8	16.65	6
1991	9	17.8	6
1991	10	18.95	6
1991	11	18.45	6
1991	12	15.3	6
1992	1	15.2	6
1992	2	15.75	6
1992	3	15.8	6
1992	4	16.7	6
1992	5	17.6	6
1992	6	19	6
1992	7	18.5	6
1992	8	17.8	6
1992	9	18.3	6
1992	10	18.25	6
1992	11	17.1	6
1992	12	16.25	6
1993	1	15.2	6
1993	2	16	6
1993	3	16.3	6
1993	4	16.35	6
1993	5	16	6
1993	6	15.6	6
1993	7	14.25	6
1993	8	14.75	6
1993	9	14.2	6
1993	10	14.8	6
1993	11	13.7	6
1993	12	12.15	6
1994	1	13.15	6
1994	2	12.8	6
1994	3	12.25	6
1994	4	13.8	6
1994	5	14.8	6
1994	6	15.7	6
1994	7	16.4	6
1994	8	15.85	6
1994	9	15.25	6
1994	10	15.35	6
1994	11	15.95	6
1994	12	14.7	6
1995	1	16.08	6
1995	2	16.64	6
1995	3	16.49	6
1995	4	17.4	6
1995	5	17.25	6
1995	6	16.24	6
1995	7	14.97	6
1995	8	15.37	6
1995	9	15.65	6
1995	10	14.92	6
1995	11	15.56	6
1995	12	16.81	6
1996	1	16.57	6
1996	2	16.05	6
1996	3	17.05	6
1996	4	17.77	6
1996	5	16.99	6
1996	6	17	6
1996	7	17.79	6
1996	8	18.77	6
1996	9	20.26	6
1996	10	21.71	6
1996	11	20.87	6
1996	12	21.65	6
1997	1	21.28	6
1997	2	18.6	6
1997	3	18.09	6
1997	4	16.77	6
1997	5	18.46	6
1997	6	17.34	6
1997	7	17.29	6
1997	8	17.77	6
1997	9	17.95	6
1997	10	19.06	6
1997	11	18.38	6
1997	12	16.18	6
1998	1	13.4	6
1998	2	12.43	6
1998	3	11.53	6
1998	4	11.79	6
1998	5	12.79	6
1998	6	11.67	6
1998	7	11.98	6
1998	8	12.18	6
1998	9	13.07	6
1998	10	12.81	6
1998	11	11.76	6
1998	12	10.12	6
1999	1	10.78	6
1999	2	10.05	6
1999	3	12.37	6
1999	4	14.96	6
1999	5	15.3	6
1999	6	15.52	6
1999	7	17.88	6
1999	8	19.34	6
1999	9	21.84	6
1999	10	21.26	6
1999	11	23.05	6
1999	12	23.63	6
2000	1	23.28	6
2000	2	24.68	6
2000	3	25.08	6
2000	4	22.03	6
2000	5	25.39	6
2000	6	27.32	6
2000	7	26.03	6
2000	8	27.05	6
2000	9	29.74	6
2000	10	30.22	6
2000	11	30.1	6
2000	12	22.09	6
2001	1	22.69	6
2001	2	24.74	6
2001	3	23.43	6
2001	4	24.09	6
2001	5	25.58	6
2001	6	25.61	6
2001	7	23.43	6
2001	8	24.32	6
2001	9	23.96	6
2001	10	19.54	6
2001	11	17.53	6
2001	12	17.64	6
2002	1	18.29	6
2002	2	18.91	6
2002	3	22.85	6
2002	4	24.41	6
2002	5	24.59	6
2002	6	23.83	6
2002	7	24.57	6
2002	8	25.32	6
2002	9	26.83	6
2002	10	26.18	6
2002	11	23.16	6
2002	12	25.7	6
2003	1	28.05	6
2003	2	30.2	6
2003	3	27.42	6
2003	4	23.43	6
2003	5	24.25	6
2003	6	25.5	6
2003	7	26.63	6
2003	8	27.62	6
2003	9	25.27	6
2003	10	27.13	6
2003	11	27.5	6
2003	12	27.86	6
2004	1	28.68	6
2004	2	28.4	6
2004	3	30.46	6
2004	4	31.07	6
2004	5	34.47	6
2004	6	33.41	6
2004	7	34.48	6
2004	8	38.3	6
2004	9	35.48	6
2004	10	37.58	6
2004	11	34.88	6
2004	12	34.26	6
2005	1	37.81	6
2005	2	40.94	6
2005	3	45.58	6
2005	4	47.1	6
2005	5	45	6
2005	6	50.98	6
2005	7	52.85	6
2005	8	56.63	6
2005	9	56.54	6
2005	10	53.67	6
2005	11	51.31	6
2005	12	53.13	6
2006	1	58.31	6
2006	2	57.58	6
2006	3	57.65	6
2006	4	64.06	6
2006	5	64.91	6
2006	6	65.08	6
2006	7	69.05	6
2006	8	68.78	6
2006	9	59.77	6
2006	10	56.5	6
2006	11	56.82	6
2006	12	58.67	6
2007	1	52.01	6
2007	2	55.68	6
2007	3	59.05	6
2007	4	63.84	6
2007	5	64.54	6
2007	6	65.76	6
2007	7	69.46	6
2007	8	67.21	6
2007	9	73.25	6
2007	10	77.14	6
2007	11	86.73	6
2007	12	85.75	6
2008	1	87.17	6
2008	2	89.96	6
2008	3	96.78	6
2008	4	103.47	6
2008	5	118.95	6
2008	6	127.59	6
2008	7	131.22	6
2008	8	113.21	6
2008	9	95.97	6
2008	10	68.62	6
2008	11	51.38	6
2008	12	41	6
2009	1	44.97	6
2009	2	43.14	6
2009	3	45.58	6
2009	4	50.18	6
2009	5	57.4	6
2009	6	69.21	6
2009	7	64.97	6
2009	8	71.32	6
2009	9	67.91	6
2009	10	73.28	6
2009	11	77.63	6
2009	12	75.49	6
2010	1	76.64	6
2010	2	73.56	6
2010	3	77.37	6
2010	4	83.09	6
2010	5	76.87	6
2010	6	73.98	6
2010	7	72.65	6
2010	8	74.18	6
2010	9	75.27	6
2010	10	80.34	6
2010	11	83.7	6
2010	12	89.07	6
2011	1	92.37	6
2011	2	100.25	6
2011	3	108.58	6
2011	4	115.7	6
2011	5	108.46	6
2011	6	107.52	6
2011	7	109.98	6
2011	8	105.06	6
2011	9	106	6
2011	10	103.67	6
2011	11	108.59	6
2011	12	106.22	6
2012	1	109.78	6
2012	2	116.15	6
2012	3	122.28	6
2012	4	117.25	6
2012	5	107.05	6
2012	6	94.24	6
2012	7	99.22	6
2012	8	108.37	6
2012	9	110.96	6
2012	10	108.73	6
2012	11	107.13	6
2012	12	105.69	6
2013	1	107.58	6
2013	2	111.09	6
2013	3	105.42	6
2013	4	101.66	6
2013	5	100.31	6
2013	6	100.33	6
2013	7	103.36	6
2013	8	106.96	6
2013	9	108.4	6
2013	10	106.3	6
2013	11	105.85	6
2013	12	107.92	6
2014	1	104.01	6
2014	2	104.94	6
2014	3	104.15	6
2014	4	104.73	6
2014	5	105.6	6
2014	6	108.01	6
2014	7	105.76	6
2014	8	101.85	6
2014	9	96.99	6
2014	10	86.57	6
2014	11	76.73	6
2014	12	60.52	6
2015	1	45.98	6
2015	2	55.83	6
2015	3	54.91	6
2015	4	58.8	6
2015	5	63.69	6
2015	6	61.78	6
2015	7	56.25	6
2015	8	47.22	6
2015	9	46.15	6
2015	10	46.55	6
2015	11	42.22	6
2015	12	34.77	6
2016	1	27	6
2016	2	29.5	6
2016	3	35.18	6
2016	4	39.04	6
2016	5	43.95	6
2016	6	45.83	6
2016	7	42.62	6
2016	8	43.74	6
2016	9	43.74	6
2016	10	48.26	6
2016	11	43.77	6
2016	12	51.78	6
2017	1	53.37	6
2017	2	54.17	6
2017	3	51.16	6
2017	4	52.45	6
2017	5	50.31	6
2017	6	46.44	6
2017	7	47.63	6
2017	8	50.43	6
2017	9	53.86	6
2017	10	55.58	6
2017	11	60.58	6
2017	12	61.41	6
2018	1	66.02	6
2018	2	62.79	6
2018	3	63.29	6
2018	4	68.43	6
2018	5	73.66	6
2018	6	73.22	6
2018	7	72.72	6
2018	8	72.13	6
2018	9	77.02	6
2018	10	78.96	6
2018	11	65.11	6
2018	12	56.47	6
2019	1	58.96	6
2019	2	64.32	6
2019	3	66.8	6
2019	4	70.66	6
2019	5	69.13	6
2019	6	61.3	6
2019	7	62.91	6
2019	8	58.92	6
2019	9	60.84	6
2019	10	58.47	6
2019	11	61.41	6
2019	12	64.41	6
2020	1	63.76	6
2020	2	54.51	6
2020	3	33.75	6
2020	4	23.27	6
2020	5	31.56	6
2020	6	40.14	6
2020	7	42.64	6
2020	8	43.71	6
2020	9	41.1	6
2020	10	39.7	6
2020	11	42.58	6
2020	12	49.26	6
2021	1	54.16	6
2021	2	60.37	6
2021	3	63.95	6
2021	4	62.37	6
2021	5	65.98	6
1991	3	19.9	7
1991	4	20.8	7
1991	5	21.25	7
1991	6	20.2	7
1991	7	21.45	7
1991	8	21.7	7
1991	9	21.85	7
1991	10	23.25	7
1991	11	22.6	7
1991	12	19.55	7
1992	1	18.8	7
1992	2	19	7
1992	3	18.95	7
1992	4	20.25	7
1992	5	21	7
1992	6	22.35	7
1992	7	21.75	7
1992	8	21.3	7
1992	9	21.9	7
1992	10	21.7	7
1992	11	20.35	7
1992	12	19.4	7
1993	1	19.05	7
1993	2	20.05	7
1993	3	20.35	7
1993	4	20.3	7
1993	5	20	7
1993	6	19.15	7
1993	7	17.9	7
1993	8	18	7
1993	9	17.5	7
1993	10	18.15	7
1993	11	16.75	7
1993	12	15.55	7
1994	1	15	7
1994	2	14.75	7
1994	3	14.65	7
1994	4	16.3	7
1994	5	17.85	7
1994	6	19.05	7
1994	7	19.65	7
1994	8	18.35	7
1994	9	17.45	7
1994	10	17.65	7
1994	11	18.1	7
1994	12	17.16	7
1995	1	17.99	7
1995	2	18.53	7
1995	3	18.54	7
1995	4	19.87	7
1995	5	19.64	7
1995	6	18.5	7
1995	7	17.42	7
1995	8	17.96	7
1995	9	18.03	7
1995	10	17.33	7
1995	11	17.79	7
1995	12	18.83	7
1996	1	18.89	7
1996	2	19.07	7
1996	3	21.16	7
1996	4	23.2	7
1996	5	21.08	7
1996	6	20.27	7
1996	7	21.36	7
1996	8	21.97	7
1996	9	23.92	7
1996	10	24.94	7
1996	11	23.66	7
1996	12	25.32	7
1997	1	24.93	7
1997	2	21.83	7
1997	3	20.69	7
1997	4	19.4	7
1997	5	20.5	7
1997	6	18.87	7
1997	7	19.3	7
1997	8	19.62	7
1997	9	19.59	7
1997	10	21.21	7
1997	11	19.88	7
1997	12	18.09	7
1998	1	16.51	7
1998	2	15.81	7
1998	3	14.76	7
1998	4	15.32	7
1998	5	14.9	7
1998	6	13.71	7
1998	7	14.11	7
1998	8	13.4	7
1998	9	14.98	7
1998	10	14.42	7
1998	11	12.96	7
1998	12	11.31	7
1999	1	12.49	7
1999	2	12.01	7
1999	3	14.66	7
1999	4	17.34	7
1999	5	17.75	7
1999	6	17.89	7
1999	7	20.07	7
1999	8	21.25	7
1999	9	23.86	7
1999	10	22.64	7
1999	11	24.85	7
1999	12	26.08	7
2000	1	27.27	7
2000	2	29.28	7
2000	3	29.92	7
2000	4	25.84	7
2000	5	28.83	7
2000	6	31.86	7
2000	7	29.97	7
2000	8	31.31	7
2000	9	33.89	7
2000	10	33.05	7
2000	11	34.37	7
2000	12	28.4	7
2001	1	29.55	7
2001	2	29.57	7
2001	3	27.24	7
2001	4	27.42	7
2001	5	28.61	7
2001	6	27.56	7
2001	7	26.44	7
2001	8	27.45	7
2001	9	26.12	7
2001	10	22.18	7
2001	11	19.59	7
2001	12	19.31	7
2002	1	19.69	7
2002	2	20.72	7
2002	3	24.38	7
2002	4	26.24	7
2002	5	27.04	7
2002	6	25.51	7
2002	7	26.92	7
2002	8	28.37	7
2002	9	29.67	7
2002	10	28.85	7
2002	11	26.28	7
2002	12	29.44	7
2003	1	32.95	7
2003	2	35.8	7
2003	3	33.32	7
2003	4	28.22	7
2003	5	28.13	7
2003	6	30.71	7
2003	7	30.75	7
2003	8	31.58	7
2003	9	28.28	7
2003	10	30.32	7
2003	11	31.09	7
2003	12	32.12	7
2004	1	34.24	7
2004	2	34.73	7
2004	3	36.73	7
2004	4	36.71	7
2004	5	40.29	7
2004	6	38.03	7
2004	7	40.82	7
2004	8	44.92	7
2004	9	45.93	7
2004	10	53.25	7
2004	11	48.45	7
2004	12	43.23	7
2005	1	46.82	7
2005	2	47.96	7
2005	3	54.17	7
2005	4	52.96	7
2005	5	49.81	7
2005	6	56.39	7
2005	7	58.67	7
2005	8	64.96	7
2005	9	65.54	7
2005	10	62.36	7
2005	11	58.28	7
2005	12	59.41	7
2006	1	65.48	7
2006	2	61.62	7
2006	3	62.89	7
2006	4	69.41	7
2006	5	70.93	7
2006	6	70.93	7
2006	7	74.4	7
2006	8	73.04	7
2006	9	63.82	7
2006	10	58.85	7
2006	11	59.13	7
2006	12	62	7
2007	1	54.24	7
2007	2	59.25	7
2007	3	60.6	7
2007	4	63.94	7
2007	5	63.45	7
2007	6	67.49	7
2007	7	74.14	7
2007	8	72.38	7
2007	9	79.91	7
2007	10	85.9	7
2007	11	94.76	7
2007	12	91.36	7
2008	1	92.98	7
2008	2	95.38	7
2008	3	105.47	7
2008	4	112.62	7
2008	5	125.01	7
2008	6	133.93	7
2008	7	133.38	7
2008	8	116.64	7
2008	9	103.94	7
2008	10	76.61	7
2008	11	57.29	7
2008	12	41.44	7
2009	1	41.74	7
2009	2	39.15	7
2009	3	47.52	7
2009	4	49.81	7
2009	5	59.13	7
2009	6	69.62	7
2009	7	64.12	7
2009	8	71.06	7
2009	9	69.44	7
2009	10	75.77	7
2009	11	78	7
2009	12	74.49	7
2010	1	78.36	7
2010	2	76.41	7
2010	3	81.25	7
2010	4	84.48	7
2010	5	73.73	7
2010	6	75.35	7
2010	7	76.35	7
2010	8	76.6	7
2010	9	75.29	7
2010	10	81.9	7
2010	11	84.24	7
2010	12	89.15	7
2011	1	89.41	7
2011	2	89.53	7
2011	3	102.92	7
2011	4	109.96	7
2011	5	101.28	7
2011	6	96.25	7
2011	7	97.31	7
2011	8	86.32	7
2011	9	85.58	7
2011	10	86.41	7
2011	11	97.12	7
2011	12	98.56	7
2012	1	100.29	7
2012	2	102.21	7
2012	3	106.15	7
2012	4	103.28	7
2012	5	94.68	7
2012	6	82.36	7
2012	7	87.9	7
2012	8	94.11	7
2012	9	94.51	7
2012	10	89.52	7
2012	11	86.68	7
2012	12	88.22	7
2013	1	94.74	7
2013	2	95.3	7
2013	3	92.91	7
2013	4	92.02	7
2013	5	94.76	7
2013	6	95.79	7
2013	7	104.7	7
2013	8	106.55	7
2013	9	106.25	7
2013	10	100.5	7
2013	11	93.95	7
2013	12	97.85	7
2014	1	94.86	7
2014	2	100.73	7
2014	3	100.57	7
2014	4	102.08	7
2014	5	101.86	7
2014	6	105.24	7
2014	7	102.94	7
2014	8	96.38	7
2014	9	93.22	7
2014	10	84.4	7
2014	11	75.81	7
2014	12	59.26	7
2015	1	47.27	7
2015	2	50.61	7
2015	3	47.78	7
2015	4	54.44	7
2015	5	59.27	7
2015	6	59.8	7
2015	7	50.9	7
2015	8	42.86	7
2015	9	45.45	7
2015	10	46.2	7
2015	11	42.7	7
2015	12	37.23	7
2016	1	31.54	7
2016	2	30.39	7
2016	3	37.77	7
2016	4	40.96	7
2016	5	46.73	7
2016	6	48.75	7
2016	7	44.69	7
2016	8	44.75	7
2016	9	45.2	7
2016	10	49.89	7
2016	11	45.57	7
2016	12	52.01	7
2017	1	52.51	7
2017	2	53.4	7
2017	3	49.58	7
2017	4	51.06	7
2017	5	48.5	7
2017	6	45.17	7
2017	7	46.65	7
2017	8	48.03	7
2017	9	49.83	7
2017	10	51.56	7
2017	11	56.65	7
2017	12	57.94	7
2018	1	63.67	7
2018	2	62.17	7
2018	3	62.76	7
2018	4	66.32	7
2018	5	69.98	7
2018	6	67.52	7
2018	7	70.84	7
2018	8	67.99	7
2018	9	70.21	7
2018	10	70.75	7
2018	11	56.67	7
2018	12	48.95	7
2019	1	51.52	7
2019	2	54.95	7
2019	3	58.15	7
2019	4	63.87	7
2019	5	60.84	7
2019	6	54.68	7
2019	7	57.52	7
2019	8	54.84	7
2019	9	56.95	7
2019	10	53.98	7
2019	11	57.06	7
2019	12	59.8	7
2020	1	57.52	7
2020	2	50.53	7
2020	3	29.88	7
2020	4	16.52	7
2020	5	28.56	7
2020	6	38.3	7
2020	7	40.75	7
2020	8	42.36	7
2020	9	39.6	7
2020	10	39.53	7
2020	11	41.1	7
2020	12	47.05	7
2021	1	52.1	7
2021	2	59.06	7
2021	3	62.35	7
2021	4	61.71	7
2021	5	65.18	7
2006	6	2.09	8
2006	7	2.22	8
2006	8	2.25	8
2006	9	1.81	8
2006	10	1.79	8
2006	11	1.81	8
2006	12	1.83	8
2007	1	1.63	8
2007	2	1.76	8
2007	3	1.89	8
2007	4	2.05	8
2007	5	2.04	8
2007	6	2.12	8
2007	7	2.15	8
2007	8	2.11	8
2007	9	2.32	8
2007	10	2.42	8
2007	11	2.7	8
2007	12	2.63	8
2008	1	2.59	8
2008	2	2.77	8
2008	3	3.25	8
2008	4	3.44	8
2008	5	3.82	8
2008	6	3.89	8
2008	7	3.85	8
2008	8	3.27	8
2008	9	3.04	8
2008	10	2.4	8
2008	11	1.92	8
2008	12	1.44	8
2009	1	1.5	8
2009	2	1.31	8
2009	3	1.34	8
2009	4	1.45	8
2009	5	1.52	8
2009	6	1.82	8
2009	7	1.72	8
2009	8	1.93	8
2009	9	1.8	8
2009	10	1.98	8
2009	11	2	8
2009	12	1.98	8
2010	1	2.07	8
2010	2	2.04	8
2010	3	2.16	8
2010	4	2.28	8
2010	5	2.14	8
2010	6	2.11	8
2010	7	2.07	8
2010	8	2.12	8
2010	9	2.18	8
2010	10	2.3	8
2010	11	2.38	8
2010	12	2.5	8
2011	1	2.64	8
2011	2	2.84	8
2011	3	3.13	8
2011	4	3.27	8
2011	5	3.04	8
2011	6	3.05	8
2011	7	3.17	8
2011	8	3.01	8
2011	9	2.98	8
2011	10	3.01	8
2011	11	3.1	8
2011	12	2.94	8
2012	1	3.08	8
2012	2	3.22	8
2012	3	3.3	8
2012	4	3.24	8
2012	5	2.99	8
2012	6	2.71	8
2012	7	2.92	8
2012	8	3.18	8
2012	9	3.23	8
2012	10	3.24	8
2012	11	3.18	8
2012	12	3.07	8
2013	1	3.1	8
2013	2	3.24	8
2013	3	3.04	8
2013	4	2.9	8
2013	5	2.89	8
2013	6	2.89	8
2013	7	3.02	8
2013	8	3.07	8
2013	9	3.05	8
2013	10	3	8
2013	11	2.94	8
2013	12	3.05	8
2014	1	3.12	8
2014	2	3.23	8
2014	3	2.99	8
2014	4	2.96	8
2014	5	2.94	8
2014	6	2.96	8
2014	7	2.88	8
2014	8	2.85	8
2014	9	2.74	8
2014	10	2.53	8
2014	11	2.43	8
2014	12	2.03	8
2015	1	1.68	8
2015	2	1.99	8
2015	3	1.86	8
2015	4	1.84	8
2015	5	1.97	8
2015	6	1.89	8
2015	7	1.68	8
2015	8	1.52	8
2015	9	1.52	8
2015	10	1.47	8
2015	11	1.41	8
2015	12	1.14	8
2016	1	0.98	8
2016	2	1.04	8
2016	3	1.19	8
2016	4	1.25	8
2016	5	1.42	8
2016	6	1.49	8
2016	7	1.37	8
2016	8	1.4	8
2016	9	1.42	8
2016	10	1.56	8
2016	11	1.46	8
2016	12	1.64	8
2017	1	1.62	8
2017	2	1.62	8
2017	3	1.53	8
2017	4	1.59	8
2017	5	1.51	8
2017	6	1.42	8
2017	7	1.52	8
2017	8	1.63	8
2017	9	1.79	8
2017	10	1.8	8
2017	11	1.92	8
2017	12	1.94	8
2018	1	2.07	8
2018	2	1.94	8
2018	3	1.93	8
2018	4	2.08	8
2018	5	2.23	8
2018	6	2.15	8
2018	7	2.14	8
2018	8	2.15	8
2018	9	2.25	8
2018	10	2.33	8
2018	11	2.05	8
2018	12	1.8	8
2019	1	1.85	8
2019	2	1.96	8
2019	3	1.99	8
2019	4	2.06	8
2019	5	2.03	8
2019	6	1.85	8
2019	7	1.92	8
2019	8	1.82	8
2019	9	1.94	8
2019	10	1.94	8
2019	11	1.93	8
2019	12	1.99	8
2020	1	1.86	8
2020	2	1.62	8
2020	3	1.19	8
2020	4	0.88	8
2020	5	0.89	8
2020	6	1.12	8
2020	7	1.24	8
2020	8	1.23	8
2020	9	1.12	8
2020	10	1.15	8
2020	11	1.24	8
2020	12	1.44	8
2021	1	1.58	8
2021	2	1.79	8
2021	3	1.85	8
2021	4	1.86	8
2021	5	2.02	8
1991	3	0.72	9
1991	4	0.72	9
1991	5	0.7	9
1991	6	0.64	9
1991	7	0.65	9
1991	8	0.7	9
1991	9	0.62	9
1991	10	0.65	9
1991	11	0.65	9
1991	12	0.56	9
1992	1	0.53	9
1992	2	0.55	9
1992	3	0.57	9
1992	4	0.6	9
1992	5	0.63	9
1992	6	0.65	9
1992	7	0.6	9
1992	8	0.62	9
1992	9	0.62	9
1992	10	0.61	9
1992	11	0.58	9
1992	12	0.53	9
1993	1	0.53	9
1993	2	0.52	9
1993	3	0.54	9
1993	4	0.59	9
1993	5	0.59	9
1993	6	0.55	9
1993	7	0.52	9
1993	8	0.53	9
1993	9	0.49	9
1993	10	0.5	9
1993	11	0.44	9
1993	12	0.38	9
1994	1	0.42	9
1994	2	0.44	9
1994	3	0.44	9
1994	4	0.49	9
1994	5	0.51	9
1994	6	0.53	9
1994	7	0.55	9
1994	8	0.56	9
1994	9	0.46	9
1994	10	0.51	9
1994	11	0.52	9
1994	12	0.47	9
1995	1	0.51	9
1995	2	0.51	9
1995	3	0.5	9
1995	4	0.61	9
1995	5	0.65	9
1995	6	0.6	9
1995	7	0.51	9
1995	8	0.53	9
1995	9	0.56	9
1995	10	0.49	9
1995	11	0.51	9
1995	12	0.53	9
1996	1	0.51	9
1996	2	0.53	9
1996	3	0.59	9
1996	4	0.69	9
1996	5	0.65	9
1996	6	0.58	9
1996	7	0.62	9
1996	8	0.61	9
1996	9	0.62	9
1996	10	0.66	9
1996	11	0.69	9
1996	12	0.69	9
1997	1	0.67	9
1997	2	0.62	9
1997	3	0.61	9
1997	4	0.59	9
1997	5	0.62	9
1997	6	0.55	9
1997	7	0.59	9
1997	8	0.71	9
1997	9	0.62	9
1997	10	0.58	9
1997	11	0.56	9
1997	12	0.52	9
1998	1	0.48	9
1998	2	0.45	9
1998	3	0.45	9
1998	4	0.47	9
1998	5	0.48	9
1998	6	0.44	9
1998	7	0.42	9
1998	8	0.4	9
1998	9	0.43	9
1998	10	0.44	9
1998	11	0.37	9
1998	12	0.31	9
1999	1	0.34	9
1999	2	0.32	9
1999	3	0.42	9
1999	4	0.5	9
1999	5	0.49	9
1999	6	0.49	9
1999	7	0.58	9
1999	8	0.64	9
1999	9	0.69	9
1999	10	0.63	9
1999	11	0.7	9
1999	12	0.7	9
2000	1	0.71	9
2000	2	0.82	9
2000	3	0.89	9
2000	4	0.73	9
2000	5	0.89	9
2000	6	0.96	9
2000	7	0.86	9
2000	8	0.87	9
2000	9	0.96	9
2000	10	0.95	9
2000	11	0.94	9
2000	12	0.74	9
2001	1	0.83	9
2001	2	0.83	9
2001	3	0.79	9
2001	4	0.95	9
2001	5	0.93	9
2001	6	0.72	9
2001	7	0.68	9
2001	8	0.78	9
2001	9	0.76	9
2001	10	0.6	9
2001	11	0.52	9
2001	12	0.52	9
2002	1	0.54	9
2002	2	0.55	9
2002	3	0.7	9
2002	4	0.74	9
2002	5	0.7	9
2002	6	0.72	9
2002	7	0.77	9
2002	8	0.77	9
2002	9	0.78	9
2002	10	0.83	9
2002	11	0.77	9
2002	12	0.81	9
2003	1	0.88	9
2003	2	1	9
2003	3	0.96	9
2003	4	0.8	9
2003	5	0.76	9
2003	6	0.81	9
2003	7	0.87	9
2003	8	1.01	9
2003	9	0.9	9
2003	10	0.88	9
2003	11	0.88	9
2003	12	0.89	9
2004	1	1	9
2004	2	1.05	9
2004	3	1.09	9
2004	4	1.12	9
2004	5	1.34	9
2004	6	1.15	9
2004	7	1.23	9
2004	8	1.21	9
2004	9	1.26	9
2004	10	1.38	9
2004	11	1.27	9
2004	12	1.07	9
2005	1	1.24	9
2005	2	1.22	9
2005	3	1.44	9
2005	4	1.48	9
2005	5	1.37	9
2005	6	1.51	9
2005	7	1.59	9
2005	8	1.94	9
2005	9	2.13	9
2005	10	1.71	9
2005	11	1.47	9
2005	12	1.6	9
2006	1	1.74	9
2006	2	1.5	9
2006	3	1.77	9
2006	4	2.14	9
2006	5	2.04	9
2006	6	2.07	9
2006	7	2.24	9
2006	8	2.04	9
2006	9	1.58	9
2006	10	1.51	9
2006	11	1.59	9
2006	12	1.67	9
2007	1	1.43	9
2007	2	1.64	9
2007	3	1.94	9
2007	4	2.11	9
2007	5	2.25	9
2007	6	2.19	9
2007	7	2.14	9
2007	8	2	9
2007	9	2.1	9
2007	10	2.17	9
2007	11	2.42	9
2007	12	2.33	9
2008	1	2.33	9
2008	2	2.38	9
2008	3	2.5	9
2008	4	2.76	9
2008	5	3.1	9
2008	6	3.29	9
2008	7	3.15	9
2008	8	2.9	9
2008	9	2.81	9
2008	10	1.92	9
2008	11	1.28	9
2008	12	0.96	9
2009	1	1.15	9
2009	2	1.22	9
2009	3	1.29	9
2009	4	1.38	9
2009	5	1.69	9
2009	6	1.91	9
2009	7	1.75	9
2009	8	1.93	9
2009	9	1.78	9
2009	10	1.92	9
2009	11	1.98	9
2009	12	1.92	9
2010	1	2.04	9
2010	2	1.96	9
2010	3	2.14	9
2010	4	2.23	9
2010	5	2.02	9
2010	6	2.01	9
2010	7	2	9
2010	8	1.94	9
2010	9	1.97	9
2010	10	2.16	9
2010	11	2.24	9
2010	12	2.39	9
2011	1	2.45	9
2011	2	2.56	9
2011	3	2.84	9
2011	4	3.18	9
2011	5	3.02	9
2011	6	2.84	9
2011	7	3.02	9
2011	8	2.84	9
2011	9	2.77	9
2011	10	2.77	9
2011	11	2.63	9
2011	12	2.63	9
2012	1	2.82	9
2012	2	3.04	9
2012	3	3.17	9
2012	4	3.21	9
2012	5	2.88	9
2012	6	2.6	9
2012	7	2.75	9
2012	8	3.02	9
2012	9	3.27	9
2012	10	2.98	9
2012	11	2.82	9
2012	12	2.73	9
2013	1	2.85	9
2013	2	3.05	9
2013	3	2.91	9
2013	4	2.71	9
2013	5	2.74	9
2013	6	2.74	9
2013	7	2.92	9
2013	8	2.93	9
2013	9	2.8	9
2013	10	2.69	9
2013	11	2.67	9
2013	12	2.74	9
2014	1	2.67	9
2014	2	2.8	9
2014	3	2.75	9
2014	4	2.9	9
2014	5	2.86	9
2014	6	2.9	9
2014	7	2.8	9
2014	8	2.71	9
2014	9	2.72	9
2014	10	2.4	9
2014	11	2.17	9
2014	12	1.68	9
2015	1	1.36	9
2015	2	1.61	9
2015	3	1.64	9
2015	4	1.79	9
2015	5	1.94	9
2015	6	2.01	9
2015	7	1.86	9
2015	8	1.62	9
2015	9	1.46	9
2015	10	1.4	9
2015	11	1.38	9
2015	12	1.28	9
2016	1	1.12	9
2016	2	1.06	9
2016	3	1.2	9
2016	4	1.45	9
2016	5	1.57	9
2016	6	1.51	9
2016	7	1.35	9
2016	8	1.38	9
2016	9	1.44	9
2016	10	1.52	9
2016	11	1.46	9
2016	12	1.63	9
2017	1	1.62	9
2017	2	1.55	9
2017	3	1.49	9
2017	4	1.61	9
2017	5	1.54	9
2017	6	1.45	9
2017	7	1.56	9
2017	8	1.69	9
2017	9	1.87	9
2017	10	1.72	9
2017	11	1.83	9
2017	12	1.76	9
2018	1	1.9	9
2018	2	1.82	9
2018	3	1.83	9
2018	4	2	9
2018	5	2.13	9
2018	6	2.03	9
2018	7	2.07	9
2018	8	2.08	9
2018	9	2.09	9
2018	10	2.03	9
2018	11	1.63	9
2018	12	1.45	9
2019	1	1.43	9
2019	2	1.57	9
2019	3	1.81	9
2019	4	2.04	9
2019	5	1.92	9
2019	6	1.74	9
2019	7	1.89	9
2019	8	1.69	9
2019	9	1.73	9
2019	10	1.73	9
2019	11	1.72	9
2019	12	1.71	9
2020	1	1.66	9
2020	2	1.58	9
2020	3	0.89	9
2020	4	0.59	9
2020	5	0.88	9
2020	6	1.12	9
2020	7	1.22	9
2020	8	1.25	9
2020	9	1.23	9
2020	10	1.2	9
2020	11	1.19	9
2020	12	1.36	9
2021	1	1.56	9
2021	2	1.76	9
2021	3	1.99	9
2021	4	1.99	9
2021	5	2.12	9
1991	3	0.62	10
1991	4	0.56	10
1991	5	0.55	10
1991	6	0.54	10
1991	7	0.58	10
1991	8	0.61	10
1991	9	0.62	10
1991	10	0.67	10
1991	11	0.64	10
1991	12	0.52	10
1992	1	0.52	10
1992	2	0.53	10
1992	3	0.53	10
1992	4	0.56	10
1992	5	0.58	10
1992	6	0.61	10
1992	7	0.6	10
1992	8	0.58	10
1992	9	0.62	10
1992	10	0.63	10
1992	11	0.57	10
1992	12	0.55	10
1993	1	0.53	10
1993	2	0.56	10
1993	3	0.58	10
1993	4	0.56	10
1993	5	0.55	10
1993	6	0.53	10
1993	7	0.5	10
1993	8	0.51	10
1993	9	0.52	10
1993	10	0.54	10
1993	11	0.5	10
1993	12	0.44	10
1994	1	0.5	10
1994	2	0.56	10
1994	3	0.49	10
1994	4	0.48	10
1994	5	0.48	10
1994	6	0.49	10
1994	7	0.5	10
1994	8	0.5	10
1994	9	0.48	10
1994	10	0.48	10
1994	11	0.49	10
1994	12	0.48	10
1995	1	0.48	10
1995	2	0.48	10
1995	3	0.46	10
1995	4	0.49	10
1995	5	0.5	10
1995	6	0.48	10
1995	7	0.47	10
1995	8	0.49	10
1995	9	0.5	10
1995	10	0.49	10
1995	11	0.52	10
1995	12	0.58	10
1996	1	0.56	10
1996	2	0.61	10
1996	3	0.66	10
1996	4	0.68	10
1996	5	0.58	10
1996	6	0.51	10
1996	7	0.56	10
1996	8	0.6	10
1996	9	0.68	10
1996	10	0.72	10
1996	11	0.7	10
1996	12	0.72	10
1997	1	0.7	10
1997	2	0.61	10
1997	3	0.55	10
1997	4	0.58	10
1997	5	0.56	10
1997	6	0.52	10
1997	7	0.53	10
1997	8	0.54	10
1997	9	0.53	10
1997	10	0.57	10
1997	11	0.56	10
1997	12	0.51	10
1998	1	0.47	10
1998	2	0.44	10
1998	3	0.42	10
1998	4	0.43	10
1998	5	0.41	10
1998	6	0.38	10
1998	7	0.36	10
1998	8	0.35	10
1998	9	0.4	10
1998	10	0.39	10
1998	11	0.36	10
1998	12	0.31	10
1999	1	0.34	10
1999	2	0.3	10
1999	3	0.39	10
1999	4	0.43	10
1999	5	0.42	10
1999	6	0.43	10
1999	7	0.5	10
1999	8	0.55	10
1999	9	0.6	10
1999	10	0.58	10
1999	11	0.65	10
1999	12	0.67	10
2000	1	0.92	10
2000	2	0.94	10
2000	3	0.77	10
2000	4	0.75	10
2000	5	0.76	10
2000	6	0.78	10
2000	7	0.78	10
2000	8	0.89	10
2000	9	0.99	10
2000	10	0.98	10
2000	11	1.03	10
2000	12	0.94	10
2001	1	0.85	10
2001	2	0.79	10
2001	3	0.74	10
2001	4	0.78	10
2001	5	0.77	10
2001	6	0.76	10
2001	7	0.7	10
2001	8	0.73	10
2001	9	0.73	10
2001	10	0.63	10
2001	11	0.55	10
2001	12	0.52	10
2002	1	0.54	10
2002	2	0.54	10
2002	3	0.64	10
2002	4	0.67	10
2002	5	0.67	10
2002	6	0.65	10
2002	7	0.68	10
2002	8	0.7	10
2002	9	0.77	10
2002	10	0.77	10
2002	11	0.72	10
2002	12	0.82	10
2003	1	0.91	10
2003	2	1.13	10
2003	3	0.99	10
2003	4	0.8	10
2003	5	0.74	10
2003	6	0.76	10
2003	7	0.79	10
2003	8	0.82	10
2003	9	0.74	10
2003	10	0.82	10
2003	11	0.84	10
2003	12	0.89	10
2004	1	0.98	10
2004	2	0.91	10
2004	3	0.91	10
2004	4	0.92	10
2004	5	1.02	10
2004	6	0.99	10
2004	7	1.09	10
2004	8	1.17	10
2004	9	1.26	10
2004	10	1.49	10
2004	11	1.38	10
2004	12	1.28	10
2005	1	1.32	10
2005	2	1.34	10
2005	3	1.56	10
2005	4	1.52	10
2005	5	1.41	10
2005	6	1.61	10
2005	7	1.64	10
2005	8	1.8	10
2005	9	1.96	10
2005	10	1.89	10
2005	11	1.69	10
2005	12	1.71	10
2006	1	1.75	10
2006	2	1.64	10
2006	3	1.78	10
2006	4	1.98	10
2006	5	1.97	10
2006	6	1.93	10
2006	7	1.94	10
2006	8	1.98	10
2006	9	1.7	10
2006	10	1.65	10
2006	11	1.65	10
2006	12	1.68	10
2007	1	1.53	10
2007	2	1.69	10
2007	3	1.74	10
2007	4	1.86	10
2007	5	1.88	10
2007	6	1.99	10
2007	7	2.07	10
2007	8	1.98	10
2007	9	2.18	10
2007	10	2.28	10
2007	11	2.59	10
2007	12	2.57	10
2008	1	2.56	10
2008	2	2.64	10
2008	3	3.07	10
2008	4	3.23	10
2008	5	3.62	10
2008	6	3.8	10
2008	7	3.76	10
2008	8	3.17	10
2008	9	2.91	10
2008	10	2.24	10
2008	11	1.84	10
2008	12	1.4	10
2009	1	1.47	10
2009	2	1.28	10
2009	3	1.28	10
2009	4	1.36	10
2009	5	1.47	10
2009	6	1.75	10
2009	7	1.63	10
2009	8	1.87	10
2009	9	1.73	10
2009	10	1.93	10
2009	11	1.98	10
2009	12	1.97	10
2010	1	2.05	10
2010	2	1.98	10
2010	3	2.08	10
2010	4	2.2	10
2010	5	2.04	10
2010	6	2.03	10
2010	7	1.98	10
2010	8	2.02	10
2010	9	2.09	10
2010	10	2.24	10
2010	11	2.32	10
2010	12	2.47	10
2011	1	2.6	10
2011	2	2.77	10
2011	3	3.03	10
2011	4	3.2	10
2011	5	2.95	10
2011	6	2.97	10
2011	7	3.07	10
2011	8	2.95	10
2011	9	2.92	10
2011	10	2.95	10
2011	11	3.05	10
2011	12	2.89	10
2012	1	3.05	10
2012	2	3.2	10
2012	3	3.22	10
2012	4	3.15	10
2012	5	2.91	10
2012	6	2.62	10
2012	7	2.81	10
2012	8	3.05	10
2012	9	3.13	10
2012	10	3.14	10
2012	11	3.01	10
2012	12	3	10
2013	1	3.07	10
2013	2	3.17	10
2013	3	2.94	10
2013	4	2.74	10
2013	5	2.74	10
2013	6	2.75	10
2013	7	2.89	10
2013	8	2.96	10
2013	9	2.96	10
2013	10	2.94	10
2013	11	2.92	10
2013	12	3.03	10
2014	1	3.06	10
2014	2	3.06	10
2014	3	2.91	10
2014	4	2.89	10
2014	5	2.86	10
2014	6	2.88	10
2014	7	2.78	10
2014	8	2.75	10
2014	9	2.63	10
2014	10	2.42	10
2014	11	2.25	10
2014	12	1.86	10
2015	1	1.62	10
2015	2	1.87	10
2015	3	1.63	10
2015	4	1.72	10
2015	5	1.83	10
2015	6	1.76	10
2015	7	1.56	10
2015	8	1.39	10
2015	9	1.42	10
2015	10	1.4	10
2015	11	1.32	10
2015	12	1.04	10
2016	1	0.94	10
2016	2	0.97	10
2016	3	1.13	10
2016	4	1.19	10
2016	5	1.36	10
2016	6	1.42	10
2016	7	1.29	10
2016	8	1.33	10
2016	9	1.35	10
2016	10	1.49	10
2016	11	1.39	10
2016	12	1.55	10
2017	1	1.55	10
2017	2	1.56	10
2017	3	1.49	10
2017	4	1.52	10
2017	5	1.45	10
2017	6	1.33	10
2017	7	1.42	10
2017	8	1.52	10
2017	9	1.71	10
2017	10	1.71	10
2017	11	1.82	10
2017	12	1.86	10
2018	1	2.02	10
2018	2	1.85	10
2018	3	1.87	10
2018	4	2.04	10
2018	5	2.19	10
2018	6	2.11	10
2018	7	2.11	10
2018	8	2.13	10
2018	9	2.23	10
2018	10	2.31	10
2018	11	2.03	10
2018	12	1.78	10
2019	1	1.82	10
2019	2	1.93	10
2019	3	1.97	10
2019	4	2.04	10
2019	5	2.01	10
2019	6	1.82	10
2019	7	1.89	10
2019	8	1.8	10
2019	9	1.93	10
2019	10	1.92	10
2019	11	1.92	10
2019	12	1.97	10
2020	1	1.84	10
2020	2	1.59	10
2020	3	1.16	10
2020	4	0.85	10
2020	5	0.84	10
2020	6	1.07	10
2020	7	1.19	10
2020	8	1.18	10
2020	9	1.07	10
2020	10	1.1	10
2020	11	1.16	10
2020	12	1.37	10
2021	1	1.48	10
2021	2	1.67	10
2021	3	1.7	10
2021	4	1.7	10
2021	5	1.83	10
1991	3	3.99	11
1991	4	3.99	11
1991	5	3.99	11
1991	6	3.99	11
1991	7	3.99	11
1991	8	3.99	11
1991	9	3.99	11
1991	10	3.99	11
1991	11	3.99	11
1991	12	3.99	11
1992	1	3.6	11
1992	2	3.51	11
1992	3	3.59	11
1992	4	3.53	11
1992	5	3.47	11
1992	6	3.49	11
1992	7	3.61	11
1992	8	3.65	11
1992	9	3.63	11
1992	10	3.7	11
1992	11	3.65	11
1992	12	3.71	11
1993	1	3.64	11
1993	2	3.61	11
1993	3	3.59	11
1993	4	3.62	11
1993	5	3.57	11
1993	6	3.54	11
1993	7	3.54	11
1993	8	3.49	11
1993	9	3.48	11
1993	10	3.39	11
1993	11	3.36	11
1993	12	3.25	11
1994	1	3.12	11
1994	2	3.19	11
1994	3	3.15	11
1994	4	3.07	11
1994	5	3.06	11
1994	6	3.1	11
1994	7	3.14	11
1994	8	3.24	11
1994	9	3.28	11
1994	10	3.26	11
1994	11	3.26	11
1994	12	3.29	11
1995	1	3.36	11
1995	2	3.4	11
1995	3	3.46	11
1995	4	3.45	11
1995	5	3.53	11
1995	6	3.56	11
1995	7	3.48	11
1995	8	3.46	11
1995	9	3.46	11
1995	10	3.45	11
1995	11	3.41	11
1995	12	3.37	11
1996	1	3.43	11
1996	2	3.48	11
1996	3	3.47	11
1996	4	3.56	11
1996	5	3.6	11
1996	6	3.6	11
1996	7	3.61	11
1996	8	3.68	11
1996	9	3.68	11
1996	10	3.79	11
1996	11	4.03	11
1996	12	4.08	11
1997	1	4.13	11
1997	2	4.22	11
1997	3	4.25	11
1997	4	4.07	11
1997	5	4.03	11
1997	6	4.03	11
1997	7	3.89	11
1997	8	3.69	11
1997	9	3.69	11
1997	10	3.62	11
1997	11	3.68	11
1997	12	3.6	11
1998	1	3.54	11
1998	2	3.43	11
1998	3	3.44	11
1998	4	3.19	11
1998	5	3	11
1998	6	3	11
1998	7	2.84	11
1998	8	2.79	11
1998	9	2.74	11
1998	10	2.76	11
1998	11	2.78	11
1998	12	2.72	11
1999	1	2.77	11
1999	2	2.78	11
1999	3	2.78	11
1999	4	2.76	11
1999	5	2.88	11
1999	6	2.93	11
1999	7	2.99	11
1999	8	3.17	11
1999	9	3.35	11
1999	10	3.57	11
1999	11	3.73	11
1999	12	3.94	11
2000	1	4.15	11
2000	2	4.21	11
2000	3	4.46	11
2000	4	4.64	11
2000	5	4.53	11
2000	6	4.74	11
2000	7	4.86	11
2000	8	4.84	11
2000	9	4.9	11
2000	10	5.04	11
2000	11	5.13	11
2000	12	5.05	11
2001	1	4.88	11
2001	2	4.8	11
2001	3	4.87	11
2001	4	4.73	11
2001	5	4.66	11
2001	6	4.69	11
2001	7	4.66	11
2001	8	4.54	11
2001	9	4.54	11
2001	10	4.59	11
2001	11	4.38	11
2001	12	4.27	11
2002	1	4.21	11
2002	2	4.12	11
2002	3	3.99	11
2002	4	3.96	11
2002	5	4.01	11
2002	6	4.06	11
2002	7	4.56	11
2002	8	4.35	11
2002	9	4.46	11
2002	10	4.54	11
2002	11	4.56	11
2002	12	4.56	11
2003	1	4.69	11
2003	2	4.8	11
2003	3	4.78	11
2003	4	4.78	11
2003	5	4.74	11
2003	6	4.77	11
2003	7	4.75	11
2003	8	4.67	11
2003	9	4.7	11
2003	10	4.62	11
2003	11	4.72	11
2003	12	4.75	11
2004	1	4.75	11
2004	2	4.81	11
2004	3	4.88	11
2004	4	4.91	11
2004	5	4.91	11
2004	6	5.04	11
2004	7	5.07	11
2004	8	5.16	11
2004	9	5.43	11
2004	10	5.55	11
2004	11	5.45	11
2004	12	5.57	11
2005	1	5.42	11
2005	2	5.58	11
2005	3	5.59	11
2005	4	5.67	11
2005	5	5.74	11
2005	6	5.68	11
2005	7	6.03	11
2005	8	6.2	11
2005	9	6.39	11
2005	10	6.48	11
2005	11	6.61	11
2005	12	6.49	11
2006	1	6.53	11
2006	2	7.04	11
2006	3	6.88	11
2006	4	6.93	11
2006	5	6.92	11
2006	6	7.1	11
2006	7	6.86	11
2006	8	7.23	11
2006	9	7.65	11
2006	10	7.2	11
2006	11	7.21	11
2006	12	7.35	11
2007	1	7.11	11
2007	2	6.89	11
2007	3	6.86	11
2007	4	7.09	11
2007	5	7.22	11
2007	6	7.11	11
2007	7	7.26	11
2007	8	7.7	11
2007	9	8.09	11
2007	10	8.55	11
2007	11	9.14	11
2007	12	9.18	11
2008	1	9.94	11
2008	2	10.46	11
2008	3	10.96	11
2008	4	11.42	11
2008	5	11.63	11
2008	6	12.07	11
2008	7	12.35	11
2008	8	13.25	11
2008	9	14.39	11
2008	10	15.01	11
2008	11	15.06	11
2008	12	13.78	11
2009	1	12.71	11
2009	2	10.52	11
2009	3	9.48	11
2009	4	8.12	11
2009	5	7.5	11
2009	6	7.18	11
2009	7	7.55	11
2009	8	7.76	11
2009	9	8.42	11
2009	10	9.1	11
2009	11	9.13	11
2009	12	9.76	11
2010	1	10.02	11
2010	2	10.52	11
2010	3	10.42	11
2010	4	10.98	11
2010	5	11.39	11
2010	6	10.48	11
2010	7	11.32	11
2010	8	11.3	11
2010	9	11.03	11
2010	10	11.13	11
2010	11	10.84	11
2010	12	10.75	11
2011	1	11.45	11
2011	2	12.02	11
2011	3	12.5	11
2011	4	12.99	11
2011	5	13.61	11
2011	6	14.52	11
2011	7	16.22	11
2011	8	16.55	11
2011	9	16.27	11
2011	10	16.48	11
2011	11	16.78	11
2011	12	16.48	11
2012	1	16.71	11
2012	2	16.03	11
2012	3	16.34	11
2012	4	16.85	11
2012	5	17.12	11
2012	6	17.2	11
2012	7	18.11	11
2012	8	17.74	11
2012	9	16.83	11
2012	10	15.3	11
2012	11	15	11
2012	12	15.41	11
2013	1	15.89	11
2013	2	16.47	11
2013	3	16.27	11
2013	4	16.2	11
2013	5	16.22	11
2013	6	16.61	11
2013	7	16.17	11
2013	8	15.6	11
2013	9	14.96	11
2013	10	15.3	11
2013	11	15.4	11
2013	12	16.38	11
2014	1	16.67	11
2014	2	16.76	11
2014	3	16.55	11
2014	4	16.79	11
2014	5	16.32	11
2014	6	16.13	11
2014	7	15.21	11
2014	8	15.74	11
2014	9	15.16	11
2014	10	15.89	11
2014	11	15.59	11
2014	12	15.62	11
2015	1	16.19	11
2015	2	14.2	11
2015	3	13.04	11
2015	4	10.94	11
2015	5	9.34	11
2015	6	9.19	11
2015	7	9.5	11
2015	8	9.82	11
2015	9	10.31	11
2015	10	10.11	11
2015	11	9.52	11
2015	12	9.08	11
2016	1	8.4	11
2016	2	8.56	11
2016	3	7.74	11
2016	4	6.82	11
2016	5	6.27	11
2016	6	6.4	11
2016	7	6.76	11
2016	8	7.14	11
2016	9	7.54	11
2016	10	7.65	11
2016	11	7.59	11
2016	12	7.59	11
2017	1	8.04	11
2017	2	8.41	11
2017	3	8.25	11
2017	4	8.76	11
2017	5	9.1	11
2017	6	8.88	11
2017	7	8.86	11
2017	8	8.92	11
2017	9	8.64	11
2017	10	8.31	11
2017	11	8.45	11
2017	12	8.65	11
2018	1	9.34	11
2018	2	9.83	11
2018	3	10.11	11
2018	4	10.09	11
2018	5	10.25	11
2018	6	10.44	11
2018	7	10.44	11
2018	8	10.88	11
2018	9	11.3	11
2018	10	11.66	11
2018	11	11.7	11
2018	12	12	11
2019	1	12.01	11
2019	2	11.81	11
2019	3	11.29	11
2019	4	10.27	11
2019	5	10.15	11
2019	6	10.04	11
2019	7	10.13	11
2019	8	10.86	11
2019	9	10.14	11
2019	10	9.98	11
2019	11	10.04	11
2019	12	10.06	11
2020	1	9.89	11
2020	2	9.89	11
2020	3	10.21	11
2020	4	10.01	11
2020	5	10.08	11
2020	6	8.97	11
2020	7	7.79	11
2020	8	6.34	11
2020	9	5.88	11
2020	10	6.18	11
2020	11	6.86	11
2020	12	7.66	11
2021	1	8.91	11
2021	2	8.97	11
1991	3	0.56	12
1991	4	0.55	12
1991	5	0.57	12
1991	6	0.55	12
1991	7	0.59	12
1991	8	0.62	12
1991	9	0.64	12
1991	10	0.67	12
1991	11	0.65	12
1991	12	0.52	12
1992	1	0.51	12
1992	2	0.54	12
1992	3	0.51	12
1992	4	0.54	12
1992	5	0.58	12
1992	6	0.62	12
1992	7	0.61	12
1992	8	0.59	12
1992	9	0.62	12
1992	10	0.62	12
1992	11	0.56	12
1992	12	0.54	12
1993	1	0.53	12
1993	2	0.55	12
1993	3	0.56	12
1993	4	0.55	12
1993	5	0.55	12
1993	6	0.53	12
1993	7	0.49	12
1993	8	0.5	12
1993	9	0.54	12
1993	10	0.57	12
1993	11	0.53	12
1993	12	0.45	12
1994	1	0.53	12
1994	2	0.5	12
1994	3	0.45	12
1994	4	0.47	12
1994	5	0.47	12
1994	6	0.49	12
1994	7	0.51	12
1994	8	0.5	12
1994	9	0.49	12
1994	10	0.51	12
1994	11	0.51	12
1994	12	0.49	12
1995	1	0.47	12
1995	2	0.47	12
1995	3	0.45	12
1995	4	0.5	12
1995	5	0.51	12
1995	6	0.48	12
1995	7	0.47	12
1995	8	0.5	12
1995	9	0.51	12
1995	10	0.5	12
1995	11	0.52	12
1995	12	0.55	12
1996	1	0.55	12
1996	2	0.56	12
1996	3	0.59	12
1996	4	0.62	12
1996	5	0.56	12
1996	6	0.52	12
1996	7	0.56	12
1996	8	0.62	12
1996	9	0.68	12
1996	10	0.7	12
1996	11	0.7	12
1996	12	0.69	12
1997	1	0.68	12
1997	2	0.62	12
1997	3	0.56	12
1997	4	0.54	12
1997	5	0.55	12
1997	6	0.52	12
1997	7	0.54	12
1997	8	0.56	12
1997	9	0.54	12
1997	10	0.57	12
1997	11	0.55	12
1997	12	0.5	12
1998	1	0.48	12
1998	2	0.45	12
1998	3	0.41	12
1998	4	0.43	12
1998	5	0.42	12
1998	6	0.39	12
1998	7	0.39	12
1998	8	0.37	12
1998	9	0.42	12
1998	10	0.42	12
1998	11	0.37	12
1998	12	0.3	12
1999	1	0.33	12
1999	2	0.31	12
1999	3	0.38	12
1999	4	0.43	12
1999	5	0.42	12
1999	6	0.44	12
1999	7	0.51	12
1999	8	0.56	12
1999	9	0.61	12
1999	10	0.6	12
1999	11	0.66	12
1999	12	0.7	12
2000	1	0.78	12
2000	2	0.78	12
2000	3	0.77	12
2000	4	0.72	12
2000	5	0.76	12
2000	6	0.79	12
2000	7	0.8	12
2000	8	0.9	12
2000	9	1.02	12
2000	10	0.98	12
2000	11	1.03	12
2000	12	0.86	12
2001	1	0.87	12
2001	2	0.82	12
2001	3	0.75	12
2001	4	0.77	12
2001	5	0.82	12
2001	6	0.77	12
2001	7	0.71	12
2001	8	0.76	12
2001	9	0.74	12
2001	10	0.62	12
2001	11	0.54	12
2001	12	0.52	12
2002	1	0.53	12
2002	2	0.55	12
2002	3	0.63	12
2002	4	0.67	12
2002	5	0.67	12
2002	6	0.65	12
2002	7	0.69	12
2002	8	0.72	12
2002	9	0.8	12
2002	10	0.79	12
2002	11	0.71	12
2002	12	0.81	12
2003	1	0.89	12
2003	2	1.06	12
2003	3	0.89	12
2003	4	0.74	12
2003	5	0.71	12
2003	6	0.75	12
2003	7	0.78	12
2003	8	0.82	12
2003	9	0.74	12
2003	10	0.82	12
2003	11	0.83	12
2003	12	0.88	12
2004	1	1	12
2004	2	0.93	12
2004	3	0.95	12
2004	4	0.97	12
2004	5	1.09	12
2004	6	1.03	12
2004	7	1.15	12
2004	8	1.23	12
2004	9	1.36	12
2004	10	1.52	12
2004	11	1.35	12
2004	12	1.22	12
2005	1	1.33	12
2005	2	1.33	12
2005	3	1.56	12
2005	4	1.57	12
2005	5	1.47	12
2005	6	1.65	12
2005	7	1.67	12
2005	8	1.87	12
2005	9	2.23	12
2005	10	2.4	12
2005	11	1.7	12
2005	12	1.73	12
2006	1	1.82	12
2006	2	1.75	12
2006	3	1.88	12
2006	4	2.07	12
2006	5	2.07	12
2006	6	2.08	12
2006	7	2.15	12
2006	8	2.13	12
2006	9	1.81	12
2006	10	1.74	12
2006	11	1.73	12
2006	12	1.81	12
2007	1	1.65	12
2007	2	1.74	12
2007	3	1.85	12
2007	4	2.04	12
2007	5	2.04	12
2007	6	2.1	12
2007	7	2.14	12
2007	8	2.09	12
2007	9	2.27	12
2007	10	2.37	12
2007	11	2.67	12
2007	12	2.6	12
2008	1	2.61	12
2008	2	2.73	12
2008	3	3.12	12
2008	4	3.37	12
2008	5	3.74	12
2008	6	3.88	12
2008	7	3.89	12
2008	8	3.27	12
2008	9	3.38	12
2008	10	2.32	12
2008	11	1.88	12
2008	12	1.38	12
2009	1	1.47	12
2009	2	1.26	12
2009	3	1.27	12
2009	4	1.37	12
2009	5	1.49	12
2009	6	1.81	12
2009	7	1.71	12
2009	8	1.89	12
2009	9	1.75	12
2009	10	1.94	12
2009	11	1.99	12
2009	12	1.98	12
2010	1	2.05	12
2010	2	1.99	12
2010	3	2.11	12
2010	4	2.24	12
2010	5	2.06	12
2010	6	2.06	12
2010	7	2.02	12
2010	8	2.08	12
2010	9	2.11	12
2010	10	2.25	12
2010	11	2.32	12
2010	12	2.45	12
2011	1	2.62	12
2011	2	2.84	12
2011	3	3.13	12
2011	4	3.27	12
2011	5	3.09	12
2011	6	3.05	12
2011	7	3.13	12
2011	8	3.01	12
2011	9	2.95	12
2011	10	2.97	12
2011	11	3.05	12
2011	12	2.87	12
2012	1	3.09	12
2012	2	3.21	12
2012	3	3.26	12
2012	4	3.23	12
2012	5	2.97	12
2012	6	2.68	12
2012	7	2.89	12
2012	8	3.16	12
2012	9	3.19	12
2012	10	3.11	12
2012	11	2.96	12
2012	12	2.94	12
2013	1	3.09	12
2013	2	3.22	12
2013	3	2.97	12
2013	4	2.81	12
2013	5	2.73	12
2013	6	2.77	12
2013	7	2.89	12
2013	8	3	12
2013	9	2.93	12
2013	10	2.89	12
2013	11	2.83	12
2013	12	2.96	12
2014	1	2.92	12
2014	2	2.97	12
2014	3	2.89	12
2014	4	2.89	12
2014	5	2.87	12
2014	6	2.88	12
2014	7	2.82	12
2014	8	2.84	12
2014	9	2.73	12
2014	10	2.46	12
2014	11	2.3	12
2014	12	1.8	12
2015	1	1.5	12
2015	2	1.77	12
2015	3	1.63	12
2015	4	1.7	12
2015	5	1.85	12
2015	6	1.73	12
2015	7	1.55	12
2015	8	1.39	12
2015	9	1.4	12
2015	10	1.39	12
2015	11	1.33	12
2015	12	1.08	12
2016	1	0.93	12
2016	2	0.97	12
2016	3	1.07	12
2016	4	1.15	12
2016	5	1.3	12
2016	6	1.38	12
2016	7	1.27	12
2016	8	1.3	12
2016	9	1.32	12
2016	10	1.46	12
2016	11	1.36	12
2016	12	1.49	12
2017	1	1.51	12
2017	2	1.55	12
2017	3	1.45	12
2017	4	1.51	12
2017	5	1.41	12
2017	6	1.3	12
2017	7	1.42	12
2017	8	1.56	12
2017	9	1.8	12
2017	10	1.66	12
2017	11	1.76	12
2017	12	1.82	12
2018	1	1.95	12
2018	2	1.85	12
2018	3	1.86	12
2018	4	2.02	12
2018	5	2.16	12
2018	6	2.09	12
2018	7	2.1	12
2018	8	2.12	12
2018	9	2.19	12
2018	10	2.25	12
2018	11	1.95	12
2018	12	1.7	12
2019	1	1.78	12
2019	2	1.91	12
2019	3	1.9	12
2019	4	1.98	12
2019	5	1.97	12
2019	6	1.82	12
2019	7	1.91	12
2019	8	1.8	12
2019	9	1.88	12
2019	10	1.86	12
2019	11	1.82	12
2019	12	1.89	12
2020	1	1.78	12
2020	2	1.51	12
2020	3	0.95	12
2020	4	0.61	12
2020	5	0.69	12
2020	6	0.98	12
2020	7	1.08	12
2020	8	1.11	12
2020	9	1.01	12
2020	10	1.05	12
2020	11	1.13	12
2020	12	1.32	12
2021	1	1.42	12
2021	2	1.6	12
2021	3	1.66	12
2021	4	1.67	12
2021	5	1.75	12
1991	3	1.34	13
1991	4	1.33	13
1991	5	1.31	13
1991	6	1.2	13
1991	7	1.19	13
1991	8	1.31	13
1991	9	1.63	13
1991	10	1.77	13
1991	11	1.81	13
1991	12	1.92	13
1992	1	1.28	13
1992	2	1.21	13
1992	3	1.28	13
1992	4	1.47	13
1992	5	1.59	13
1992	6	1.56	13
1992	7	1.75	13
1992	8	1.97	13
1992	9	2.33	13
1992	10	2.42	13
1992	11	2.24	13
1992	12	2.16	13
1993	1	1.88	13
1993	2	1.69	13
1993	3	2.18	13
1993	4	2.35	13
1993	5	2.17	13
1993	6	1.97	13
1993	7	2.06	13
1993	8	2.26	13
1993	9	2.27	13
1993	10	2.02	13
1993	11	2.26	13
1993	12	2.34	13
1994	1	2.34	13
1994	2	2.71	13
1994	3	2.21	13
1994	4	2.04	13
1994	5	1.92	13
1994	6	1.9	13
1994	7	1.96	13
1994	8	1.66	13
1994	9	1.49	13
1994	10	1.51	13
1994	11	1.58	13
1994	12	1.72	13
1995	1	1.51	13
1995	2	1.58	13
1995	3	1.54	13
1995	4	1.62	13
1995	5	1.64	13
1995	6	1.62	13
1995	7	1.44	13
1995	8	1.56	13
1995	9	1.64	13
1995	10	1.77	13
1995	11	2.04	13
1995	12	2.71	13
1996	1	2.93	13
1996	2	4.4	13
1996	3	2.95	13
1996	4	2.23	13
1996	5	2.24	13
1996	6	2.49	13
1996	7	2.48	13
1996	8	2.03	13
1996	9	1.84	13
1996	10	2.37	13
1996	11	3.03	13
1996	12	3.82	13
1997	1	3.31	13
1997	2	2.22	13
1997	3	1.89	13
1997	4	2.03	13
1997	5	2.24	13
1997	6	2.2	13
1997	7	2.19	13
1997	8	2.47	13
1997	9	2.84	13
1997	10	3.04	13
1997	11	3.02	13
1997	12	2.33	13
1998	1	2.1	13
1998	2	2.22	13
1998	3	2.23	13
1998	4	2.42	13
1998	5	2.14	13
1998	6	2.17	13
1998	7	2.17	13
1998	8	1.85	13
1998	9	2.01	13
1998	10	1.89	13
1998	11	2.1	13
1998	12	1.74	13
1999	1	1.86	13
1999	2	1.77	13
1999	3	1.79	13
1999	4	2.15	13
1999	5	2.25	13
1999	6	2.3	13
1999	7	2.31	13
1999	8	2.79	13
1999	9	2.54	13
1999	10	2.72	13
1999	11	2.36	13
1999	12	2.36	13
2000	1	2.42	13
2000	2	2.65	13
2000	3	2.79	13
2000	4	3.03	13
2000	5	3.58	13
2000	6	4.28	13
2000	7	3.96	13
2000	8	4.41	13
2000	9	5.06	13
2000	10	5.02	13
2000	11	5.55	13
2000	12	8.95	13
2001	1	8.17	13
2001	2	5.63	13
2001	3	5.16	13
2001	4	5.17	13
2001	5	4.21	13
2001	6	3.71	13
2001	7	3.1	13
2001	8	2.95	13
2001	9	2.15	13
2001	10	2.45	13
2001	11	2.36	13
2001	12	2.41	13
2002	1	2.25	13
2002	2	2.31	13
2002	3	3.03	13
2002	4	3.42	13
2002	5	3.49	13
2002	6	3.22	13
2002	7	2.98	13
2002	8	3.09	13
2002	9	3.57	13
2002	10	4.12	13
2002	11	4.04	13
2002	12	4.74	13
2003	1	5.41	13
2003	2	7.77	13
2003	3	5.95	13
2003	4	5.29	13
2003	5	5.84	13
2003	6	5.77	13
2003	7	5.01	13
2003	8	4.97	13
2003	9	4.61	13
2003	10	4.64	13
2003	11	4.53	13
2003	12	6.13	13
2004	1	6.09	13
2004	2	5.38	13
2004	3	5.4	13
2004	4	5.72	13
2004	5	6.34	13
2004	6	6.27	13
2004	7	5.93	13
2004	8	5.4	13
2004	9	5.14	13
2004	10	6.41	13
2004	11	6.09	13
2004	12	6.58	13
2005	1	6.15	13
2005	2	6.14	13
2005	3	6.97	13
2005	4	7.15	13
2005	5	6.47	13
2005	6	7.19	13
2005	7	7.63	13
2005	8	9.63	13
2005	9	12.88	13
2005	10	13.52	13
2005	11	10.43	13
2005	12	12.83	13
2006	1	8.66	13
2006	2	7.49	13
2006	3	6.9	13
2006	4	7.09	13
2006	5	6.2	13
2006	6	6.19	13
2006	7	6.25	13
2006	8	7	13
2006	9	4.86	13
2006	10	5.96	13
2006	11	7.45	13
2006	12	6.58	13
2007	1	6.58	13
2007	2	7.97	13
2007	3	7.12	13
2007	4	7.59	13
2007	5	7.61	13
2007	6	7.3	13
2007	7	6.22	13
2007	8	6.2	13
2007	9	6.1	13
2007	10	6.8	13
2007	11	7.14	13
2007	12	7.15	13
2008	1	8	13
2008	2	8.55	13
2008	3	9.4	13
2008	4	10.13	13
2008	5	11.23	13
2008	6	12.68	13
2008	7	11.15	13
2008	8	8.25	13
2008	9	7.69	13
2008	10	6.73	13
2008	11	6.67	13
2008	12	5.79	13
2009	1	5.24	13
2009	2	4.52	13
2009	3	3.95	13
2009	4	3.5	13
2009	5	3.81	13
2009	6	3.8	13
2009	7	3.39	13
2009	8	3.15	13
2009	9	2.96	13
2009	10	4.02	13
2009	11	3.69	13
2009	12	5.37	13
2010	1	5.81	13
2010	2	5.34	13
2010	3	4.29	13
2010	4	4.01	13
2010	5	4.16	13
2010	6	4.79	13
2010	7	4.63	13
2010	8	4.31	13
2010	9	3.9	13
2010	10	3.43	13
2010	11	3.73	13
2010	12	4.24	13
2011	1	4.49	13
2011	2	4.07	13
2011	3	3.97	13
2011	4	4.24	13
2011	5	4.31	13
2011	6	4.55	13
2011	7	4.41	13
2011	8	4.05	13
2011	9	3.9	13
2011	10	3.57	13
2011	11	3.24	13
2011	12	3.16	13
2012	1	2.68	13
2012	2	2.52	13
2012	3	2.17	13
2012	4	1.95	13
2012	5	2.44	13
2012	6	2.46	13
2012	7	2.95	13
2012	8	2.84	13
2012	9	2.84	13
2012	10	3.32	13
2012	11	3.54	13
2012	12	3.34	13
2013	1	3.33	13
2013	2	3.33	13
2013	3	3.81	13
2013	4	4.17	13
2013	5	4.04	13
2013	6	3.83	13
2013	7	3.62	13
2013	8	3.43	13
2013	9	3.62	13
2013	10	3.67	13
2013	11	3.62	13
2013	12	4.24	13
2014	1	4.7	13
2014	2	5.97	13
2014	3	4.88	13
2014	4	4.63	13
2014	5	4.56	13
2014	6	4.57	13
2014	7	4.01	13
2014	8	3.88	13
2014	9	3.92	13
2014	10	3.77	13
2014	11	4.1	13
2014	12	3.43	13
2015	1	2.97	13
2015	2	2.85	13
2015	3	2.8	13
2015	4	2.58	13
2015	5	2.84	13
2015	6	2.77	13
2015	7	2.83	13
2015	8	2.76	13
2015	9	2.65	13
2015	10	2.32	13
2015	11	2.08	13
2015	12	1.92	13
2016	1	2.27	13
2016	2	1.96	13
2016	3	1.7	13
2016	4	1.9	13
2016	5	1.92	13
2016	6	2.57	13
2016	7	2.79	13
2016	8	2.79	13
2016	9	2.97	13
2016	10	2.95	13
2016	11	2.5	13
2016	12	3.58	13
2017	1	3.26	13
2017	2	2.82	13
2017	3	2.89	13
2017	4	3.08	13
2017	5	3.12	13
2017	6	2.94	13
2017	7	2.96	13
2017	8	2.88	13
2017	9	2.96	13
2017	10	2.86	13
2017	11	2.99	13
2017	12	2.76	13
2018	1	3.86	13
2018	2	2.67	13
2018	3	2.7	13
2018	4	2.78	13
2018	5	2.8	13
2018	6	2.95	13
2018	7	2.83	13
2018	8	2.96	13
2018	9	2.98	13
2018	10	3.28	13
2018	11	4.13	13
2018	12	3.98	13
2019	1	3.07	13
2019	2	2.71	13
2019	3	2.93	13
2019	4	2.64	13
2019	5	2.61	13
2019	6	2.38	13
2019	7	2.34	13
2019	8	2.22	13
2019	9	2.57	13
2019	10	2.25	13
2019	11	2.63	13
2019	12	2.2	13
2020	1	2.02	13
2020	2	1.9	13
2020	3	1.78	13
2020	4	1.73	13
2020	5	1.75	13
2020	6	1.62	13
2020	7	1.74	13
2020	8	2.3	13
2020	9	1.92	13
2020	10	2.25	13
2020	11	2.59	13
2020	12	2.54	13
2021	1	2.67	13
2021	2	5.07	13
1992	6	0.34	14
1992	7	0.34	14
1992	8	0.35	14
1992	9	0.38	14
1992	10	0.35	14
1992	11	0.33	14
1992	12	0.31	14
1993	1	0.34	14
1993	2	0.33	14
1993	3	0.34	14
1993	4	0.34	14
1993	5	0.33	14
1993	6	0.33	14
1993	7	0.31	14
1993	8	0.31	14
1993	9	0.3	14
1993	10	0.29	14
1993	11	0.28	14
1993	12	0.25	14
1994	1	0.26	14
1994	2	0.29	14
1994	3	0.28	14
1994	4	0.29	14
1994	5	0.3	14
1994	6	0.29	14
1994	7	0.29	14
1994	8	0.3	14
1994	9	0.3	14
1994	10	0.32	14
1994	11	0.34	14
1994	12	0.33	14
1995	1	0.33	14
1995	2	0.32	14
1995	3	0.33	14
1995	4	0.32	14
1995	5	0.33	14
1995	6	0.32	14
1995	7	0.31	14
1995	8	0.31	14
1995	9	0.31	14
1995	10	0.31	14
1995	11	0.31	14
1995	12	0.35	14
1996	1	0.35	14
1996	2	0.39	14
1996	3	0.37	14
1996	4	0.36	14
1996	5	0.35	14
1996	6	0.35	14
1996	7	0.36	14
1996	8	0.38	14
1996	9	0.47	14
1996	10	0.51	14
1996	11	0.58	14
1996	12	0.61	14
1997	1	0.47	14
1997	2	0.39	14
1997	3	0.39	14
1997	4	0.35	14
1997	5	0.35	14
1997	6	0.34	14
1997	7	0.35	14
1997	8	0.37	14
1997	9	0.39	14
1997	10	0.4	14
1997	11	0.36	14
1997	12	0.34	14
1998	1	0.3	14
1998	2	0.3	14
1998	3	0.28	14
1998	4	0.29	14
1998	5	0.27	14
1998	6	0.25	14
1998	7	0.25	14
1998	8	0.24	14
1998	9	0.25	14
1998	10	0.26	14
1998	11	0.25	14
1998	12	0.21	14
1999	1	0.22	14
1999	2	0.22	14
1999	3	0.24	14
1999	4	0.28	14
1999	5	0.28	14
1999	6	0.31	14
1999	7	0.37	14
1999	8	0.41	14
1999	9	0.43	14
1999	10	0.45	14
1999	11	0.44	14
1999	12	0.43	14
2000	1	0.56	14
2000	2	0.6	14
2000	3	0.51	14
2000	4	0.47	14
2000	5	0.51	14
2000	6	0.56	14
2000	7	0.55	14
2000	8	0.58	14
2000	9	0.64	14
2000	10	0.62	14
2000	11	0.61	14
2000	12	0.78	14
2001	1	0.77	14
2001	2	0.59	14
2001	3	0.56	14
2001	4	0.55	14
2001	5	0.51	14
2001	6	0.43	14
2001	7	0.39	14
2001	8	0.42	14
2001	9	0.42	14
2001	10	0.4	14
2001	11	0.33	14
2001	12	0.3	14
2002	1	0.29	14
2002	2	0.31	14
2002	3	0.38	14
2002	4	0.42	14
2002	5	0.41	14
2002	6	0.38	14
2002	7	0.37	14
2002	8	0.42	14
2002	9	0.47	14
2002	10	0.48	14
2002	11	0.47	14
2002	12	0.52	14
2003	1	0.61	14
2003	2	0.78	14
2003	3	0.62	14
2003	4	0.5	14
2003	5	0.54	14
2003	6	0.56	14
2003	7	0.53	14
2003	8	0.55	14
2003	9	0.52	14
2003	10	0.55	14
2003	11	0.55	14
2003	12	0.63	14
2004	1	0.75	14
2004	2	0.7	14
2004	3	0.59	14
2004	4	0.61	14
2004	5	0.68	14
2004	6	0.67	14
2004	7	0.74	14
2004	8	0.84	14
2004	9	0.8	14
2004	10	0.91	14
2004	11	0.86	14
2004	12	0.77	14
2005	1	0.74	14
2005	2	0.76	14
2005	3	0.88	14
2005	4	0.85	14
2005	5	0.8	14
2005	6	0.82	14
2005	7	0.85	14
2005	8	0.94	14
2005	9	1.13	14
2005	10	1.14	14
2005	11	1	14
2005	12	1.06	14
2006	1	0.99	14
2006	2	0.92	14
2006	3	0.93	14
2006	4	1.02	14
2006	5	1.04	14
2006	6	1.1	14
2006	7	1.17	14
2006	8	1.14	14
2006	9	1.01	14
2006	10	0.94	14
2006	11	0.95	14
2006	12	0.97	14
2007	1	0.89	14
2007	2	0.98	14
2007	3	1.04	14
2007	4	1.11	14
2007	5	1.15	14
2007	6	1.14	14
2007	7	1.19	14
2007	8	1.19	14
2007	9	1.3	14
2007	10	1.43	14
2007	11	1.56	14
2007	12	1.53	14
2008	1	1.51	14
2008	2	1.43	14
2008	3	1.48	14
2008	4	1.59	14
2008	5	1.7	14
2008	6	1.81	14
2008	7	1.86	14
2008	8	1.65	14
2008	9	1.53	14
2008	10	1.05	14
2008	11	0.74	14
2008	12	0.61	14
2009	1	0.73	14
2009	2	0.66	14
2009	3	0.65	14
2009	4	0.64	14
2009	5	0.7	14
2009	6	0.85	14
2009	7	0.75	14
2009	8	0.91	14
2009	9	0.95	14
2009	10	1.01	14
2009	11	1.08	14
2009	12	1.19	14
2010	1	1.31	14
2010	2	1.28	14
2010	3	1.14	14
2010	4	1.14	14
2010	5	1.08	14
2010	6	1.04	14
2010	7	1.01	14
2010	8	1.07	14
2010	9	1.13	14
2010	10	1.23	14
2010	11	1.25	14
2010	12	1.3	14
2011	1	1.35	14
2011	2	1.38	14
2011	3	1.4	14
2011	4	1.45	14
2011	5	1.52	14
2011	6	1.52	14
2011	7	1.53	14
2011	8	1.53	14
2011	9	1.56	14
2011	10	1.47	14
2011	11	1.46	14
2011	12	1.4	14
2012	1	1.29	14
2012	2	1.22	14
2012	3	1.26	14
2012	4	1.2	14
2012	5	0.95	14
2012	6	0.79	14
2012	7	0.87	14
2012	8	0.9	14
2012	9	0.91	14
2012	10	0.96	14
2012	11	0.89	14
2012	12	0.8	14
2013	1	0.84	14
2013	2	0.86	14
2013	3	0.9	14
2013	4	0.94	14
2013	5	0.93	14
2013	6	0.86	14
2013	7	0.92	14
2013	8	1.06	14
2013	9	1.11	14
2013	10	1.14	14
2013	11	1.18	14
2013	12	1.28	14
2014	1	1.4	14
2014	2	1.44	14
2014	3	1.06	14
2014	4	1.1	14
2014	5	1.04	14
2014	6	1.05	14
2014	7	1.04	14
2014	8	1.02	14
2014	9	1.06	14
2014	10	0.94	14
2014	11	0.8	14
2014	12	0.56	14
2015	1	0.48	14
2015	2	0.57	14
2015	3	0.54	14
2015	4	0.55	14
2015	5	0.47	14
2015	6	0.37	14
2015	7	0.41	14
2015	8	0.37	14
2015	9	0.45	14
2015	10	0.45	14
2015	11	0.43	14
2015	12	0.39	14
2016	1	0.34	14
2016	2	0.38	14
2016	3	0.45	14
2016	4	0.46	14
2016	5	0.52	14
2016	6	0.51	14
2016	7	0.48	14
2016	8	0.45	14
2016	9	0.5	14
2016	10	0.57	14
2016	11	0.54	14
2016	12	0.64	14
2017	1	0.75	14
2017	2	0.77	14
2017	3	0.62	14
2017	4	0.65	14
2017	5	0.64	14
2017	6	0.59	14
2017	7	0.65	14
2017	8	0.76	14
2017	9	0.88	14
2017	10	0.93	14
2017	11	0.98	14
2017	12	0.96	14
2018	1	0.9	14
2018	2	0.83	14
2018	3	0.79	14
2018	4	0.82	14
2018	5	0.92	14
2018	6	0.88	14
2018	7	0.94	14
2018	8	0.97	14
2018	9	1.06	14
2018	10	0.96	14
2018	11	0.75	14
2018	12	0.68	14
2019	1	0.67	14
2019	2	0.67	14
2019	3	0.67	14
2019	4	0.64	14
2019	5	0.58	14
2019	6	0.45	14
2019	7	0.49	14
2019	8	0.41	14
2019	9	0.45	14
2019	10	0.47	14
2019	11	0.53	14
2019	12	0.5	14
2020	1	0.43	14
2020	2	0.4	14
2020	3	0.29	14
2020	4	0.33	14
2020	5	0.42	14
2020	6	0.5	14
2020	7	0.49	14
2020	8	0.51	14
2020	9	0.5	14
2020	10	0.53	14
2020	11	0.55	14
2020	12	0.64	14
2021	1	0.86	14
2021	2	0.91	14
2003	6	1.07	15
2003	7	0.97	15
2003	8	1.32	15
2003	9	0.95	15
2003	10	1	15
2003	11	1.02	15
2003	12	0.96	15
2004	1	1.08	15
2004	2	1.34	15
2004	3	1.32	15
2004	4	1.43	15
2004	5	1.65	15
2004	6	1.46	15
2004	7	1.47	15
2004	8	1.39	15
2004	9	1.48	15
2004	10	1.64	15
2004	11	1.4	15
2004	12	1.19	15
2005	1	1.38	15
2005	2	1.55	15
2005	3	1.72	15
2005	4	1.83	15
2005	5	1.6	15
2005	6	1.75	15
2005	7	1.88	15
2005	8	2.14	15
2005	9	2.28	15
2005	10	1.9	15
2005	11	1.58	15
2005	12	1.61	15
2006	1	1.87	15
2006	2	1.73	15
2006	3	2	15
2006	4	2.45	15
2006	5	2.55	15
2006	6	2.4	15
2006	7	2.49	15
2006	8	2.19	15
2006	9	1.78	15
2006	10	1.69	15
2006	11	1.8	15
2006	12	1.81	15
2007	1	1.68	15
2007	2	2.02	15
2007	3	2.37	15
2007	4	2.53	15
2007	5	2.57	15
2007	6	2.35	15
2007	7	2.31	15
2007	8	2.05	15
2007	9	2.21	15
2007	10	2.39	15
2007	11	2.56	15
2007	12	2.45	15
2008	1	2.32	15
2008	2	2.61	15
2008	3	2.78	15
2008	4	3.07	15
2008	5	3.31	15
2008	6	3.69	15
2008	7	3.29	15
2008	8	3.07	15
2008	9	2.87	15
2008	10	2.13	15
2008	11	1.27	15
2008	12	1.11	15
2009	1	1.46	15
2009	2	1.55	15
2009	3	1.47	15
2009	4	1.58	15
2009	5	1.85	15
2009	6	2.09	15
2009	7	1.91	15
2009	8	2.11	15
2009	9	2.06	15
2009	10	2.03	15
2009	11	1.98	15
2009	12	2.01	15
2010	1	2.06	15
2010	2	2.07	15
2010	3	2.26	15
2010	4	2.31	15
2010	5	2.12	15
2010	6	2.26	15
2010	7	2.28	15
2010	8	2.18	15
2010	9	2.07	15
2010	10	2.26	15
2010	11	2.25	15
2010	12	2.42	15
2011	1	2.45	15
2011	2	2.76	15
2011	3	3.15	15
2011	4	3.37	15
2011	5	3.06	15
2011	6	2.86	15
2011	7	2.95	15
2011	8	2.84	15
2011	9	2.92	15
2011	10	2.95	15
2011	11	2.74	15
2011	12	2.7	15
2012	1	2.92	15
2012	2	3.3	15
2012	3	3.38	15
2012	4	3.25	15
2012	5	3.23	15
2012	6	2.63	15
2012	7	2.82	15
2012	8	3.13	15
2012	9	3.16	15
2012	10	3.14	15
2012	11	2.79	15
2012	12	2.62	15
2013	1	2.9	15
2013	2	3.33	15
2013	3	3.03	15
2013	4	2.91	15
2013	5	3	15
2013	6	3.02	15
2013	7	3.05	15
2013	8	2.83	15
2013	9	2.91	15
2013	10	2.76	15
2013	11	2.65	15
2013	12	2.69	15
2014	1	2.63	15
2014	2	2.87	15
2014	3	2.89	15
2014	4	3.17	15
2014	5	3.04	15
2014	6	3.12	15
2014	7	2.91	15
2014	8	2.81	15
2014	9	2.72	15
2014	10	2.34	15
2014	11	2.02	15
2014	12	1.51	15
2015	1	1.3	15
2015	2	1.94	15
2015	3	2.02	15
2015	4	2.15	15
2015	5	2.47	15
2015	6	2.19	15
2015	7	2.66	15
2015	8	2.08	15
2015	9	1.72	15
2015	10	1.67	15
2015	11	1.51	15
2015	12	1.65	15
2016	1	1.32	15
2016	2	0.97	15
2016	3	1.53	15
2016	4	1.55	15
2016	5	1.53	15
2016	6	1.64	15
2016	7	1.41	15
2016	8	1.39	15
2016	9	1.55	15
2016	10	1.62	15
2016	11	1.43	15
2016	12	1.5	15
2017	1	1.61	15
2017	2	1.76	15
2017	3	1.72	15
2017	4	1.78	15
2017	5	1.75	15
2017	6	1.62	15
2017	7	1.67	15
2017	8	1.81	15
2017	9	1.82	15
2017	10	1.76	15
2017	11	1.84	15
2017	12	1.65	15
2018	1	1.94	15
2018	2	1.88	15
2018	3	2.08	15
2018	4	2.21	15
2018	5	2.3	15
2018	6	2.14	15
2018	7	2.14	15
2018	8	2.08	15
2018	9	2.22	15
2018	10	2.25	15
2018	11	1.74	15
2018	12	1.6	15
2019	1	1.61	15
2019	2	1.82	15
2019	3	2	15
2019	4	2.51	15
2019	5	2.24	15
2019	6	1.85	15
2019	7	1.92	15
2019	8	1.81	15
2019	9	2.06	15
2019	10	2.22	15
2019	11	1.92	15
2019	12	1.66	15
2020	1	1.84	15
2020	2	1.85	15
2020	3	0.93	15
2020	4	0.47	15
2020	5	1.03	15
2020	6	1.3	15
2020	7	1.33	15
2020	8	1.42	15
2020	9	1.3	15
2020	10	1.25	15
2020	11	1.31	15
2020	12	1.43	15
2021	1	1.65	15
2021	2	1.82	15
2021	3	2.07	15
2021	4	2.1	15
2021	5	2.24	15
1991	3	3.33	16
1991	4	3.47	16
1991	5	3.37	16
1991	6	3.29	16
1991	7	3	16
1991	8	2.98	16
1991	9	2.97	16
1991	10	2.71	16
1991	11	2.7	16
1991	12	2.7	16
1992	1	2.57	16
1992	2	2.5	16
1992	3	2.58	16
1992	4	2.47	16
1992	5	2.49	16
1992	6	2.5	16
1992	7	2.55	16
1992	8	2.56	16
1992	9	2.57	16
1992	10	2.63	16
1992	11	2.64	16
1992	12	2.64	16
1993	1	2.76	16
1993	2	2.74	16
1993	3	2.75	16
1993	4	2.68	16
1993	5	2.68	16
1993	6	2.68	16
1993	7	2.66	16
1993	8	2.65	16
1993	9	2.62	16
1993	10	2.62	16
1993	11	2.62	16
1993	12	2.6	16
1994	1	2.47	16
1994	2	2.36	16
1994	3	2.36	16
1994	4	2.36	16
1994	5	2.36	16
1994	6	2.36	16
1994	7	2.42	16
1994	8	2.46	16
1994	9	2.48	16
1994	10	2.56	16
1994	11	2.57	16
1994	12	2.56	16
1995	1	2.66	16
1995	2	2.66	16
1995	3	2.65	16
1995	4	2.71	16
1995	5	2.71	16
1995	6	2.73	16
1995	7	2.8	16
1995	8	2.8	16
1995	9	2.78	16
1995	10	2.75	16
1995	11	2.75	16
1995	12	2.73	16
1996	1	2.75	16
1996	2	2.77	16
1996	3	2.67	16
1996	4	3.1	16
1996	5	2.81	16
1996	6	2.81	16
1996	7	2.78	16
1996	8	2.79	16
1996	9	2.79	16
1996	10	2.94	16
1996	11	2.96	16
1996	12	2.96	16
1997	1	2.89	16
1997	2	2.89	16
1997	3	2.83	16
1997	4	2.77	16
1997	5	2.74	16
1997	6	2.76	16
1997	7	2.67	16
1997	8	2.67	16
1997	9	2.7	16
1997	10	2.63	16
1997	11	2.66	16
1997	12	2.65	16
1998	1	2.65	16
1998	2	2.63	16
1998	3	2.61	16
1998	4	2.54	16
1998	5	2.51	16
1998	6	2.5	16
1998	7	2.4	16
1998	8	2.37	16
1998	9	2.33	16
1998	10	2.17	16
1998	11	2.15	16
1998	12	2.13	16
1999	1	2.02	16
1999	2	2.01	16
1999	3	1.95	16
1999	4	1.87	16
1999	5	1.89	16
1999	6	1.91	16
1999	7	2	16
1999	8	2.08	16
1999	9	2.2	16
1999	10	2.47	16
1999	11	2.51	16
1999	12	2.66	16
2000	1	3.36	16
2000	2	3.46	16
2000	3	3.51	16
2000	4	3.68	16
2000	5	3.55	16
2000	6	3.6	16
2000	7	3.96	16
2000	8	4.01	16
2000	9	4.03	16
2000	10	4.31	16
2000	11	4.39	16
2000	12	4.44	16
2001	1	4.65	16
2001	2	4.59	16
2001	3	4.57	16
2001	4	4.48	16
2001	5	4.36	16
2001	6	4.33	16
2001	7	3.75	16
2001	8	3.79	16
2001	9	3.79	16
2001	10	3.52	16
2001	11	3.46	16
2001	12	3.4	16
2002	1	3.06	16
2002	2	3.03	16
2002	3	2.97	16
2002	4	2.81	16
2002	5	2.83	16
2002	6	2.9	16
2002	7	2.95	16
2002	8	3.01	16
2002	9	3.08	16
2002	10	3.28	16
2002	11	3.34	16
2002	12	3.36	16
2003	1	3.61	16
2003	2	3.67	16
2003	3	3.74	16
2003	4	4.03	16
2003	5	4.04	16
2003	6	4.05	16
2003	7	4.04	16
2003	8	3.98	16
2003	9	3.97	16
2003	10	3.88	16
2003	11	3.9	16
2003	12	3.97	16
2004	1	3.87	16
2004	2	3.89	16
2004	3	3.86	16
2004	4	3.92	16
2004	5	3.95	16
2004	6	4.01	16
2004	7	4.28	16
2004	8	4.34	16
2004	9	4.41	16
2004	10	4.83	16
2004	11	4.96	16
2004	12	5.01	16
2005	1	5.46	16
2005	2	5.49	16
2005	3	5.52	16
2005	4	5.86	16
2005	5	5.89	16
2005	6	5.91	16
2005	7	6.42	16
2005	8	6.56	16
2005	9	6.58	16
2005	10	7.28	16
2005	11	7.46	16
2005	12	7.49	16
2006	1	7.96	16
2006	2	7.95	16
2006	3	7.99	16
2006	4	8.24	16
2006	5	8.28	16
2006	6	8.29	16
2006	7	8.58	16
2006	8	8.71	16
2006	9	8.77	16
2006	10	8.97	16
2006	11	8.99	16
2006	12	8.92	16
2007	1	8.59	16
2007	2	8.56	16
2007	3	8.37	16
2007	4	8	16
2007	5	7.98	16
2007	6	8.03	16
2007	7	8.13	16
2007	8	8.34	16
2007	9	8.54	16
2007	10	9.16	16
2007	11	9.47	16
2007	12	9.49	16
2008	1	10.7	16
2008	2	10.84	16
2008	3	11.04	16
2008	4	12.19	16
2008	5	12.38	16
2008	6	12.63	16
2008	7	14.37	16
2008	8	14.64	16
2008	9	14.85	16
2008	10	15.93	16
2008	11	15.81	16
2008	12	15.5	16
2009	1	13.89	16
2009	2	11.04	16
2009	3	10.9	16
2009	4	8.51	16
2009	5	8.09	16
2009	6	7.95	16
2009	7	6.67	16
2009	8	6.92	16
2009	9	7.13	16
2009	10	7.6	16
2009	11	7.81	16
2009	12	8.01	16
2010	1	8.8	16
2010	2	8.8	16
2010	3	8.93	16
2010	4	7.52	16
2010	5	7.27	16
2010	6	7.74	16
2010	7	8.04	16
2010	8	8.45	16
2010	9	8.28	16
2010	10	8.29	16
2010	11	8.59	16
2010	12	8.74	16
2011	1	9.61	16
2011	2	9.36	16
2011	3	9.37	16
2011	4	10.36	16
2011	5	10.3	16
2011	6	10.26	16
2011	7	10.99	16
2011	8	10.81	16
2011	9	10.85	16
2011	10	11.42	16
2011	11	11.32	16
2011	12	11.53	16
2012	1	11.45	16
2012	2	11.12	16
2012	3	11.97	16
2012	4	11.42	16
2012	5	11.64	16
2012	6	11.49	16
2012	7	11.13	16
2012	8	11.18	16
2012	9	11.08	16
2012	10	11.58	16
2012	11	11.83	16
2012	12	11.79	16
2013	1	11.87	16
2013	2	11.77	16
2013	3	11.87	16
2013	4	12.88	16
2013	5	12.29	16
2013	6	11.92	16
2013	7	11.6	16
2013	8	11.64	16
2013	9	11.25	16
2013	10	11.37	16
2013	11	11.42	16
2013	12	11.55	16
2014	1	11.59	16
2014	2	11.3	16
2014	3	10.88	16
2014	4	10.73	16
2014	5	10.2	16
2014	6	9.77	16
2014	7	9.27	16
2014	8	9.14	16
2014	9	9.24	16
2014	10	9.77	16
2014	11	8.9	16
2014	12	9.83	16
2015	1	9.25	16
2015	2	8.27	16
2015	3	8.27	16
2015	4	6.77	16
2015	5	6.68	16
2015	6	6.67	16
2015	7	6.69	16
2015	8	6.35	16
2015	9	6.28	16
2015	10	6.03	16
2015	11	5.5	16
2015	12	5.09	16
2016	1	4.4	16
2016	2	3.97	16
2016	3	3.91	16
2016	4	3.97	16
2016	5	4.33	16
2016	6	4.76	16
2016	7	4.67	16
2016	8	4.05	16
2016	9	4.25	16
2016	10	5.34	16
2016	11	5.69	16
2016	12	5.42	16
2017	1	6.14	16
2017	2	6.05	16
2017	3	5	16
2017	4	5.01	16
2017	5	5.06	16
2017	6	4.89	16
2017	7	5	16
2017	8	5.48	16
2017	9	5.96	16
2017	10	6.18	16
2017	11	6.69	16
2017	12	7.14	16
2018	1	6.66	16
2018	2	6.72	16
2018	3	6.7	16
2018	4	6.93	16
2018	5	7.49	16
2018	6	7.45	16
2018	7	7.6	16
2018	8	8.08	16
2018	9	9.52	16
2018	10	8.79	16
2018	11	8.27	16
2018	12	7.98	16
2019	1	7.26	16
2019	2	6.01	16
2019	3	5.18	16
2019	4	4.92	16
2019	5	4.34	16
2019	6	3.59	16
2019	7	3.62	16
2019	8	3.68	16
2019	9	4.21	16
2019	10	5.06	16
2019	11	5.15	16
2019	12	4.62	16
2020	1	3.63	16
2020	2	2.91	16
2020	3	2.72	16
2020	4	2.12	16
2020	5	1.58	16
2020	6	1.75	16
2020	7	1.8	16
2020	8	2.86	16
2020	9	3.95	16
2020	10	4.89	16
2020	11	4.84	16
2020	12	5.86	16
2021	1	7.27	16
2021	2	6.16	16
1991	3	311.5	17
1991	4	285.8	17
1991	5	288.25	17
1991	6	293.25	17
1991	7	303.4	17
1991	8	298.25	17
1991	9	291.5	17
1991	10	276.6	17
1991	11	271.75	17
1991	12	268.4	17
1992	1	277.25	17
1992	2	278.25	17
1992	3	277.2	17
1992	4	278	17
1992	5	274	17
1992	6	268.8	17
1992	7	278.5	17
1992	8	270.8	17
1992	9	257	17
1992	10	250	17
1992	11	252.6	17
1992	12	256.25	17
1993	1	259.75	17
1993	2	254.25	17
1993	3	230.2	17
1993	4	206.25	17
1993	5	184.75	17
1993	6	189	17
1993	7	200.75	17
1993	8	209	17
1993	9	206	17
1993	10	256.75	17
1993	11	307.75	17
1993	12	320.5	17
1994	1	356	17
1994	2	343.75	17
1994	3	269.75	17
1994	4	269.25	17
1994	5	233	17
1994	6	213.75	17
1994	7	226.25	17
1994	8	252.6	17
1994	9	259.75	17
1994	10	262	17
1994	11	264.5	17
1994	12	260.5	17
1995	1	276.8	17
1995	2	280.5	17
1995	3	286.25	17
1995	4	281.5	17
1995	5	291	17
1995	6	326	17
1995	7	345.6	17
1995	8	339.5	17
1995	9	359.75	17
1995	10	382.6	17
1995	11	340.5	17
1995	12	341.5	17
1996	1	369.2	17
1996	2	368	17
1996	3	359.5	17
1996	4	327.2	17
1996	5	332.25	17
1996	6	341.5	17
1996	7	358	17
1996	8	335.5	17
1996	9	328.4	17
1996	10	312.75	17
1996	11	315	17
1996	12	319.2	17
1997	1	356	17
1997	2	347	17
1997	3	323.4	17
1997	4	304.5	17
1997	5	324.5	17
1997	6	323.2	17
1997	7	320	17
1997	8	285	17
1997	9	270.6	17
1997	10	265.75	17
1997	11	252.5	17
1997	12	269.67	17
1998	1	288	17
1998	2	297.25	17
1998	3	296	17
1998	4	311.5	17
1998	5	318.25	17
1998	6	325.5	17
1998	7	324.25	17
1998	8	321.4	17
1998	9	321.25	17
1998	10	298.75	17
1998	11	270	17
1998	12	277.75	17
1999	1	299.75	17
1999	2	280	17
1999	3	256.2	17
1999	4	235.5	17
1999	5	244.25	17
1999	6	253.8	17
1999	7	259	17
1999	8	244.5	17
1999	9	229.25	17
1999	10	217	17
1999	11	228	17
1999	12	233.75	17
2000	1	241.4	17
2000	2	241	17
2000	3	225.75	17
2000	4	214.75	17
2000	5	198.6	17
2000	6	196	17
2000	7	189	17
2000	8	186.5	17
2000	9	179	17
2000	10	187.5	17
2000	11	185	17
2000	12	184.25	17
2001	1	184.4	17
2001	2	184.5	17
2001	3	175	17
2001	4	163.75	17
2001	5	164.33	17
2001	6	168	17
2001	7	169.4	17
2001	8	168.25	17
2001	9	173	17
2001	10	170.6	17
2001	11	173.5	17
2001	12	179.33	17
2002	1	191.75	17
2002	2	195.33	17
2002	3	189	17
2002	4	190.2	17
2002	5	197.5	17
2002	6	202.67	17
2002	7	199.6	17
2002	8	190.33	17
2002	9	186.6	17
2002	10	186.25	17
2002	11	186.75	17
2002	12	186.5	17
2003	1	200.75	17
2003	2	198.75	17
2003	3	197	17
2003	4	195	17
2003	5	198	17
2003	6	203.4	17
2003	7	198.5	17
2003	8	195	17
2003	9	197.6	17
2003	10	195.75	17
2003	11	193.4	17
2003	12	198.25	17
2004	1	212.75	17
2004	2	213.25	17
2004	3	237.8	17
2004	4	240.75	17
2004	5	232	17
2004	6	229	17
2004	7	230.75	17
2004	8	239	17
2004	9	235.25	17
2004	10	244	17
2004	11	259.2	17
2004	12	278.25	17
2005	1	287	17
2005	2	290	17
2005	3	292.75	17
2005	4	297.25	17
2005	5	293.8	17
2005	6	285	17
2005	7	276.75	17
2005	8	282.8	17
2005	9	285.25	17
2005	10	286.4	17
2005	11	277.75	17
2005	12	280.5	17
2006	1	291.25	17
2006	2	301.5	17
2006	3	303.5	17
2006	4	302.25	17
2006	5	308	17
2006	6	312.5	17
2006	7	315.4	17
2006	8	312.67	17
2006	9	309.2	17
2006	10	301	17
2006	11	296.25	17
2006	12	305	17
2007	1	313	17
2007	2	315	17
2007	3	318.67	17
2007	4	316.5	17
2007	5	317.6	17
2007	6	323.25	17
2007	7	328.8	17
2007	8	327.5	17
2007	9	325	17
2007	10	329.2	17
2007	11	342	17
2007	12	360.67	17
2008	1	375.6	17
2008	2	464.75	17
2008	3	594	17
2008	4	907	17
2008	5	901.8	17
2008	6	757	17
2008	7	731.75	17
2008	8	693.5	17
2008	9	683.8	17
2008	10	609.25	17
2008	11	552	17
2008	12	531.8	17
2009	1	580	17
2009	2	590.75	17
2009	3	588.25	17
2009	4	549.67	17
2009	5	533	17
2009	6	574.5	17
2009	7	572	17
2009	8	526.25	17
2009	9	518.75	17
2009	10	493	17
2009	11	542.75	17
2009	12	591	17
2010	1	568.8	17
2010	2	535	17
2010	3	502.2	17
2010	4	466	17
2010	5	451.33	17
2010	6	440	17
2010	7	441.8	17
2010	8	452.75	17
2010	9	476.5	17
2010	10	486	17
2010	11	514.5	17
2010	12	532	17
2011	1	516.8	17
2011	2	524	17
2011	3	492.75	17
2011	4	484.25	17
2011	5	481.4	17
2011	6	513.75	17
2011	7	538.25	17
2011	8	566	17
2011	9	598.75	17
2011	10	599.4	17
2011	11	615.25	17
2011	12	585.75	17
2012	1	542	17
2012	2	537.5	17
2012	3	548	17
2012	4	547.75	17
2012	5	600.5	17
2012	6	600	17
2012	7	573.75	17
2012	8	567.75	17
2012	9	563.25	17
2012	10	558.25	17
2012	11	559.25	17
2012	12	557.8	17
2013	1	564.2	17
2013	2	563	17
2013	3	559	17
2013	4	557	17
2013	5	543.5	17
2013	6	524.25	17
2013	7	509	17
2013	8	478.75	17
2013	9	444	17
2013	10	439	17
2013	11	438	17
2013	12	451	17
2014	1	450	17
2014	2	459	17
2014	3	422	17
2014	4	395	17
2014	5	388	17
2014	6	397	17
2014	7	422	17
2014	8	445	17
2014	9	432	17
2014	10	428	17
2014	11	418	17
2014	12	418	17
2015	1	420	17
2015	2	420	17
2015	3	410	17
2015	4	399	17
2015	5	381	17
2015	6	376	17
2015	7	392	17
2015	8	373	17
2015	9	357	17
2015	10	373	17
2015	11	368	17
2015	12	363	17
2016	1	369	17
2016	2	384	17
2016	3	384	17
2016	4	395	17
2016	5	433	17
2016	6	441	17
2016	7	442	17
2016	8	415	17
2016	9	384	17
2016	10	369	17
2016	11	365	17
2016	12	373	17
2017	1	377	17
2017	2	367	17
2017	3	370	17
2017	4	380	17
2017	5	421	17
2017	6	458	17
2017	7	417	17
2017	8	393	17
2017	9	402	17
2017	10	394	17
2017	11	402	17
2017	12	406	17
2018	1	442	17
2018	2	425	17
2018	3	430	17
2018	4	451	17
2018	5	451	17
2018	6	427	17
2018	7	398	17
2018	8	405	17
2018	9	405	17
2018	10	409	17
2018	11	401	17
2018	12	404	17
2019	1	410	17
2019	2	408	17
2019	3	406	17
2019	4	413	17
2019	5	409	17
2019	6	420	17
2019	7	416	17
2019	8	430	17
2019	9	427	17
2019	10	424	17
2019	11	421	17
2019	12	432	17
2020	1	451	17
2020	2	450	17
2020	3	494	17
2020	4	564	17
2020	5	510	17
2020	6	520	17
2020	7	480	17
2020	8	505	17
2020	9	507	17
2020	10	471	17
2020	11	489	17
2020	12	520	17
2021	1	545	17
2021	2	557	17
1991	3	0.84	18
1991	4	0.78	18
1991	5	0.63	18
1991	6	0.63	18
1991	7	0.4	18
1991	8	0.48	18
1991	9	0.37	18
1991	10	0.45	18
1991	11	0.44	18
1991	12	0.4	18
1992	1	0.57	18
1992	2	0.61	18
1992	3	0.61	18
1992	4	0.42	18
1992	5	0.43	18
1992	6	0.4	18
1992	7	0.43	18
1992	8	0.62	18
1992	9	0.51	18
1992	10	0.39	18
1992	11	0.38	18
1992	12	0.31	18
1993	1	0.52	18
1993	2	0.59	18
1993	3	0.66	18
1993	4	0.56	18
1993	5	0.46	18
1993	6	0.39	18
1993	7	0.35	18
1993	8	0.32	18
1993	9	0.35	18
1993	10	0.33	18
1993	11	0.37	18
1993	12	0.41	18
1994	1	0.53	18
1994	2	0.67	18
1994	3	0.51	18
1994	4	0.5	18
1994	5	0.38	18
1994	6	0.25	18
1994	7	0.45	18
1994	8	0.41	18
1994	9	0.44	18
1994	10	0.32	18
1994	11	0.3	18
1994	12	0.54	18
1995	1	0.36	18
1995	2	0.58	18
1995	3	0.4	18
1995	4	0.39	18
1995	5	0.39	18
1995	6	0.37	18
1995	7	0.54	18
1995	8	0.52	18
1995	9	0.52	18
1995	10	0.43	18
1995	11	0.44	18
1995	12	0.41	18
1996	1	0.41	18
1996	2	0.59	18
1996	3	0.5	18
1996	4	0.61	18
1996	5	0.54	18
1996	6	0.48	18
1996	7	0.43	18
1996	8	0.41	18
1996	9	0.4	18
1996	10	0.38	18
1996	11	0.43	18
1996	12	0.48	18
1997	1	0.67	18
1997	2	0.79	18
1997	3	0.76	18
1997	4	0.59	18
1997	5	0.39	18
1997	6	0.47	18
1997	7	0.44	18
1997	8	0.42	18
1997	9	0.45	18
1997	10	0.38	18
1997	11	0.43	18
1997	12	0.42	18
1998	1	0.46	18
1998	2	0.44	18
1998	3	0.45	18
1998	4	0.77	18
1998	5	0.66	18
1998	6	0.66	18
1998	7	0.46	18
1998	8	0.35	18
1998	9	0.35	18
1998	10	0.33	18
1998	11	0.56	18
1998	12	0.38	18
1999	1	0.49	18
1999	2	0.45	18
1999	3	0.45	18
1999	4	0.42	18
1999	5	0.33	18
1999	6	0.29	18
1999	7	0.35	18
1999	8	0.35	18
1999	9	0.35	18
1999	10	0.33	18
1999	11	0.33	18
1999	12	0.35	18
2000	1	0.48	18
2000	2	0.58	18
2000	3	0.48	18
2000	4	0.48	18
2000	5	0.42	18
2000	6	0.39	18
2000	7	0.31	18
2000	8	0.33	18
2000	9	0.42	18
2000	10	0.38	18
2000	11	0.37	18
2000	12	0.45	18
2001	1	0.53	18
2001	2	0.69	18
2001	3	0.54	18
2001	4	0.55	18
2001	5	0.64	18
2001	6	0.61	18
2001	7	0.7	18
2001	8	0.68	18
2001	9	0.57	18
2001	10	0.48	18
2001	11	0.5	18
2001	12	0.51	18
2002	1	0.43	18
2002	2	0.52	18
2002	3	0.57	18
2002	4	0.54	18
2002	5	0.63	18
2002	6	0.65	18
2002	7	0.54	18
2002	8	0.42	18
2002	9	0.49	18
2002	10	0.54	18
2002	11	0.4	18
2002	12	0.63	18
2003	1	0.56	18
2003	2	0.46	18
2003	3	0.49	18
2003	4	0.38	18
2003	5	0.3	18
2003	6	0.31	18
2003	7	0.3	18
2003	8	0.29	18
2003	9	0.31	18
2003	10	0.33	18
2003	11	0.41	18
2003	12	0.37	18
2004	1	0.43	18
2004	2	0.5	18
2004	3	0.51	18
2004	4	0.53	18
2004	5	0.56	18
2004	6	0.6	18
2004	7	0.6	18
2004	8	0.55	18
2004	9	0.54	18
2004	10	0.5	18
2004	11	0.49	18
2004	12	0.5	18
2005	1	0.59	18
2005	2	0.89	18
2005	3	0.79	18
2005	4	0.59	18
2005	5	0.62	18
2005	6	0.49	18
2005	7	0.4	18
2005	8	0.4	18
2005	9	0.59	18
2005	10	0.63	18
2005	11	0.59	18
2005	12	0.65	18
2006	1	0.69	18
2006	2	0.85	18
2006	3	0.83	18
2006	4	0.73	18
2006	5	0.93	18
2006	6	0.65	18
2006	7	0.56	18
2006	8	0.54	18
2006	9	0.54	18
2006	10	0.55	18
2006	11	0.6	18
2006	12	0.66	18
2007	1	0.64	18
2007	2	0.65	18
2007	3	0.65	18
2007	4	0.65	18
2007	5	0.69	18
2007	6	0.78	18
2007	7	0.73	18
2007	8	0.7	18
2007	9	0.66	18
2007	10	0.66	18
2007	11	0.65	18
2007	12	0.65	18
2008	1	0.69	18
2008	2	0.79	18
2008	3	1.03	18
2008	4	0.97	18
2008	5	0.92	18
2008	6	0.87	18
2008	7	0.72	18
2008	8	0.8	18
2008	9	0.8	18
2008	10	0.81	18
2008	11	0.9	18
2008	12	0.83	18
2009	1	0.82	18
2009	2	0.94	18
2009	3	0.91	18
2009	4	0.89	18
2009	5	0.83	18
2009	6	0.85	18
2009	7	0.83	18
2009	8	0.83	18
2009	9	0.82	18
2009	10	0.81	18
2009	11	0.83	18
2009	12	0.8	18
2010	1	0.79	18
2010	2	0.72	18
2010	3	0.84	18
2010	4	0.83	18
2010	5	0.8	18
2010	6	0.96	18
2010	7	0.99	18
2010	8	0.9	18
2010	9	0.88	18
2010	10	0.92	18
2010	11	0.91	18
2010	12	0.9	18
2011	1	0.89	18
2011	2	1	18
2011	3	1	18
2011	4	1.03	18
2011	5	1.01	18
2011	6	0.98	18
2011	7	0.96	18
2011	8	0.95	18
2011	9	0.95	18
2011	10	0.95	18
2011	11	0.96	18
2011	12	0.94	18
2012	1	0.95	18
2012	2	1.07	18
2012	3	1.14	18
2012	4	1.03	18
2012	5	0.95	18
2012	6	0.95	18
2012	7	0.96	18
2012	8	0.95	18
2012	9	0.96	18
2012	10	0.96	18
2012	11	0.93	18
2012	12	0.94	18
2013	1	0.93	18
2013	2	0.92	18
2013	3	0.94	18
2013	4	0.9	18
2013	5	0.91	18
2013	6	0.91	18
2013	7	0.92	18
2013	8	0.94	18
2013	9	0.94	18
2013	10	0.93	18
2013	11	0.92	18
2013	12	0.92	18
2014	1	0.93	18
2014	2	0.95	18
2014	3	0.96	18
2014	4	0.93	18
2014	5	0.91	18
2014	6	0.93	18
2014	7	0.93	18
2014	8	0.96	18
2014	9	0.92	18
2014	10	0.9	18
2014	11	0.9	18
2014	12	0.91	18
2015	1	0.91	18
2015	2	1	18
2015	3	1.04	18
2015	4	1.03	18
2015	5	0.94	18
2015	6	0.92	18
2015	7	0.94	18
2015	8	0.96	18
2015	9	0.95	18
2015	10	0.93	18
2015	11	0.93	18
2015	12	0.93	18
2016	1	1.04	18
2016	2	1.05	18
2016	3	1.01	18
2016	4	0.99	18
2016	5	0.99	18
2016	6	0.99	18
2016	7	1.01	18
2016	8	1.04	18
2016	9	1	18
2016	10	0.97	18
2016	11	0.96	18
2016	12	0.96	18
2017	1	1	18
2017	2	1.05	18
2017	3	1.07	18
2017	4	1.06	18
2017	5	1.09	18
2017	6	1.1	18
2017	7	1.1	18
2017	8	1.1	18
2017	9	1.1	18
2017	10	1.08	18
2017	11	1.08	18
2017	12	1.1	18
2018	1	1.13	18
2018	2	1.27	18
2018	3	1.16	18
2018	4	1.16	18
2018	5	1.15	18
2018	6	1.16	18
2018	7	1.14	18
2018	8	1.11	18
2018	9	1.11	18
2018	10	1.12	18
2018	11	1.12	18
2018	12	1.13	18
2019	1	1.14	18
2019	2	1.16	18
2019	3	1.18	18
2019	4	1.16	18
2019	5	1.12	18
2019	6	1.13	18
2019	7	1.13	18
2019	8	1.12	18
2019	9	1.15	18
2019	10	1.13	18
2019	11	1.13	18
2019	12	1.15	18
2020	1	1.17	18
2020	2	1.18	18
2020	3	1.2	18
2020	4	1.28	18
2020	5	1.3	18
2020	6	1.3	18
2020	7	1.27	18
2020	8	1.25	18
2020	9	1.24	18
2020	10	1.13	18
2020	11	1.13	18
2020	12	1.15	18
2021	1	1.24	18
2021	2	1.22	18
