461.789	486.938	520.849	540.074	549.919	578.511	598.517	622.18	645.854	659.821	682.935	661.067	678.246	718.434	752.445	768.712	800.202	835.646	855.066	856.386	838.182	845.583	868.035	907.04	931.328	946.332	986.833	1025.14	1078.07	1133.943	1154.023	1188.759	1210.184	1247.53	1287.468	1321.244	1348.498	1361.987	1321.814	1362.573	1405.374	1429.905	1461.621	1497.765
61.825	61.322	58.289	59.741	52.956	54.753	59.525	63.967	69.516	75.18	78.745	70.609	67.935	73.354	78.586	82.97	88.442	94.908	104.93	108.81	117.482	131.907	141.122	149.177	165.031	177.266	189.909	197.687	196.607	206.674	213.428	219.169	227.437	243.394	258.428	273.144	287.24	296.698	293.623	310.517	328.65	346.585	360.367	367.129
467.972	507.693	550.385	584.018	616.788	642.932	665.067	719.933	785.842	851.256	926.116	919.567	880.064	911.743	937.019	901.844	918.58	930.02	969.065	1018.18	1061.17	1099.676	1121.126	1170.627	1098.435	1155.041	1233.26	1295.297	1343.96	1432.54	1432.069	1443.124	1463.187	1524.787	1571.683	1649.895	1703.102	1726.604	1644.699	1730.209	1798.026	1870.646	1896.74	1939.052
4937.198	5197.055	5490.332	5461.938	5451.141	5744.745	6009.497	6343.726	6545.183	6529.174	6698.571	6570.569	6874.948	7374.006	7686.571	7956.494	8231.927	8577.995	8893.711	9064.414	9057.698	9379.735	9637.29	10026.409	10299.025	10689.963	11169.625	11666.663	12213.27	12713.058	12837.136	13066.423	13433.169	13941.714	14408.094	14792.304	15055.396	15011.49	14594.843	14964.372	15204.02	15542.161	15773.666	16156.618
5928.784	6253.008	6619.855	6645.771	6670.804	7020.941	7332.606	7749.806	8046.395	8115.431	8386.367	8221.812	8501.193	9077.537	9454.621	9710.02	10039.151	10438.569	10822.772	11047.79	11074.532	11456.901	11767.573	12253.253	12493.819	12968.602	13579.627	14184.787	14831.907	15486.215	15636.656	15917.475	16333.977	16957.425	17525.673	18036.587	18394.236	18396.779	17854.979	18367.671	18736.07	19189.297	19492.394	19960.564
282.074	289.404	301.26	305.292	313.198	324.496	327.406	340.676	351.072	362.861	374.912	366.55	383.511	403.643	420.199	431.016	455.882	473.565	490.277	488.415	490.363	510.272	530.877	551.469	573.248	595.876	622.322	653.483	678.764	691.86	718.543	740.608	771.338	796.072	819.818	850.624	882.154	898.207	916.334	938.139	972.219	995.941	1020.84	1043.889
40.855	45.818	48.378	51.511	53.181	53.353	53.905	56.899	60.432	61.441	64.722	66.07	68.289	68.927	71.709	74.714	80.048	82.378	82.851	88.912	95.781	103.213	107.462	115.444	123.067	130.645	135.978	141.759	147.057	160.207	160.594	160.484	162.373	170.677	178.17	188.507	200.072	206.193	208.809	220.329	231.412	238.076	245.817	252.096
1539.821	1669.375	1803.469	1781.372	1836.445	1909.443	1993.274	2098.358	2213.433	2275.799	2370.855	2450.91	2525.926	2638.681	2805.798	2885.232	3003.741	3218.409	3391.242	3580.216	3699.234	3729.532	3735.912	3768.175	3841.365	3941.627	4004.521	3924.304	3916.482	4004.896	4019.132	4030.769	4098.692	4195.451	4250.107	4322.057	4416.805	4370.798	4129.225	4323.768	4304.126	4379.113	4438.525	4437.13
88.895	95.252	109.375	119.723	129.138	146.074	164.009	181.68	197.351	193.994	207.923	225.108	254.917	281.538	303.356	337.405	379.47	424.645	454.496	499.088	550.763	584.776	624.814	682.335	747.639	804.418	852.057	805.44	896.524	976.533	1020.724	1096.589	1128.754	1184.061	1230.52	1294.214	1364.922	1403.539	1413.469	1505.299	1560.719	1596.497	1642.735	1697.112
54.701	57.502	61.987	65.702	64.564	65.164	62.599	62.798	64.174	64.999	68.024	68.657	71.054	74.46	75.662	77.709	74.486	75.979	76.364	76.87	75.605	76.556	81.558	85.815	89.775	92.764	95.553	96.559	101.525	103.761	107.723	113.174	118.284	122.121	126.188	129.454	134.291	132.216	134.762	136.049	139.709	143.532	145.799	150.425
2006.346	2157.351	2324.469	2323.6	2396.526	2498.53	2601.193	2740.411	2886.462	2959.094	3086.436	3177.295	3303.697	3467.249	3676.724	3806.076	3993.627	4274.976	4495.23	4733.501	4911.746	5004.349	5080.623	5203.238	5375.094	5565.33	5710.431	5621.545	5740.352	5937.257	6026.716	6141.624	6279.441	6468.382	6604.803	6784.856	6998.244	7010.953	6802.599	7123.584	7208.185	7353.159	7493.716	7580.652
137.534	146.072	153.21	159.253	158.676	165.938	174.368	174.001	183.321	186.496	186.226	189.972	195.62	195.72	200.611	205.228	208.013	214.869	223.221	232.921	240.937	245.981	247.277	253.217	259.973	266.208	272.078	281.764	291.879	301.711	305.785	310.849	313.199	321.674	328.56	339.569	351.867	357.311	343.737	350.366	360.204	362.932	364.098	365.385
178.474	187.854	199.355	207.728	204.971	216.558	217.913	224.106	229.353	239.627	238.957	240.379	241.129	247.076	251.157	255.735	261.634	273.992	283.497	292.391	297.751	302.309	299.401	309.062	316.433	321.474	333.402	339.989	352.103	364.897	367.858	374.408	377.308	391.022	399.211	409.189	423.091	426.252	416.513	427.737	435.423	436.114	436.127	441.777
136.82	141.736	146.482	151.623	156.092	159.51	165.587	168.224	169.653	173.745	172.707	175.595	177.691	181.375	182.477	186.281	187.333	191.177	199.839	197.409	174.48	173.596	173.704	178.757	189.879	198.011	196.676	196.054	198.873	207.413	213.743	217.263	225.088	236.224	251.443	268.733	283.592	291.28	277.177	283.538	289.115	286.512	284.998	290.636
111.747	116.412	120.788	119.803	118.34	125.551	128.035	130.947	136.12	135.456	134.255	139.241	142.934	148.888	154.879	162.545	163.016	162.783	163.716	166.348	168.511	171.84	171.686	181.172	186.725	192.141	198.406	202.807	208.786	216.609	218.392	219.41	220.266	226.079	231.588	240.381	242.363	240.623	228.38	232.092	234.766	234.594	234.022	236.975
-999	-999	-999	-999	-999	-999	-999	-999	-999	-999	-999	-999	-999	-999	-999	-999	-999	-999	-999	21.521	19.795	15.614	14.711	14.469	15.124	15.929	17.809	18.542	18.383	20.326	21.612	22.926	24.626	26.176	28.63	31.571	34.017	32.173	27.436	28.112	30.243	31.811	32.309	33.249
71.856	77.414	82.821	85.501	87.045	87.344	87.554	90.11	96.527	101.729	103.047	106.228	109.543	113.064	117.063	120.254	124.534	131.022	137.688	138.619	130.42	126.084	125.158	130.089	135.562	140.522	149.307	157.412	164.407	173.671	178.154	181.147	184.759	192.013	197.351	205.354	216.001	217.558	199.568	205.539	210.823	207.817	206.241	204.801
971.111	1015.215	1079.28	1125.594	1114.563	1162.648	1202.775	1250.631	1295.142	1315.712	1329.892	1363.252	1380.379	1401.422	1424.171	1457.657	1495.225	1566.008	1634.18	1681.8	1699.276	1726.459	1715.882	1756.126	1792.743	1817.626	1860.11	1926.259	1991.889	2069.078	2109.517	2133.111	2150.592	2210.517	2246.056	2299.398	2353.699	2358.295	2288.93	2333.922	2382.45	2386.802	2402.471	2406.785
1500.854	1565.396	1640.183	1654.781	1640.439	1721.628	1779.255	1832.784	1908.851	1935.743	1945.988	1938.304	1968.783	2024.36	2071.486	2118.868	2148.578	2228.23	2315.055	2436.711	2561.184	2610.457	2585.496	2649.032	2695.062	2717.105	2767.35	2822.133	2878.212	2963.466	3013.711	3013.711	2992.317	3027.326	3048.72	3161.528	3264.611	3299.944	3114.525	3241.595	3360.238	3373.852	3383.901	3438.036
136.724	150.616	162.804	152.323	162.021	173.122	178.214	191.129	197.402	198.738	195.65	193.434	191.348	195.195	200.094	201.129	196.586	205.016	212.806	212.806	219.403	220.939	217.404	221.752	226.408	232.888	243.331	252.809	260.577	270.791	281.979	293.04	310.021	325.711	327.663	346.184	357.517	356.318	340.994	322.312	292.877	271.496	262.813	264.531
100.343	110.526	119.672	124.912	128.607	133.464	143.521	142.932	153.795	153.287	157.681	162.162	163.334	167.676	167.251	169.82	176.699	176.583	177.883	171.664	151.248	146.614	145.769	150.065	152.3	152.366	157.585	164.219	169.546	176.714	183.516	191.739	199.109	208.94	218.039	226.338	227.302	229.21	214.176	215.768	219.56	215.852	219.931	228.007
3.389	3.598	3.843	4.062	4.088	4.332	4.714	4.998	5.241	5.542	5.778	5.903	5.776	6.014	6.212	6.602	7.166	7.16	7.178	7.262	7.246	7.001	7.093	7.349	7.358	7.71	8.089	8.616	8.975	9.399	9.753	9.797	10.065	10.893	11.542	12.027	13.169	13.364	12.738	12.281	12.525	12.674	13.167	13.408
33.054	35.199	36.861	38.431	40.605	41.171	44.552	47.754	49.221	50.737	52.424	53.621	53.49	55.819	57.542	57.295	59.967	63.096	66.764	72.417	73.814	76.282	78.336	82.845	90.826	99.245	110.338	120.173	133.106	146.721	155.28	164.499	170.82	178.344	189.641	201.606	212.781	208.18	196.442	197.225	202.329	202.635	205.541	216.228
936.768	971.34	1040.556	1097.788	1074.843	1151.429	1180.912	1219.175	1291.827	1336.137	1347.417	1352.99	1368.809	1412.965	1452.501	1494.042	1541.731	1606.397	1660.828	1693.809	1719.867	1734.215	1719.426	1756.411	1807.116	1830.362	1863.956	1894.079	1923.624	1994.992	2030.347	2035.393	2038.473	2070.721	2090.386	2132.331	2163.759	2141.031	2023.658	2057.788	2069.653	2011.309	1976.148	1969.367
9.848	10.498	11.371	11.85	11.071	11.352	11.53	12	12.281	12.385	12.316	12.456	12.828	13.622	14.002	15.4	16.008	17.363	19.064	20.079	21.814	22.211	23.144	24.029	24.373	24.742	26.211	27.913	30.263	32.818	33.524	34.738	35.224	36.777	37.96	39.9	43.25	42.885	40.579	42.883	43.983	43.611	45.506	47.358
290.481	297.762	314.986	328.391	328.795	344.537	351.157	359.341	366.607	378.525	375.559	370.899	378.577	390.167	400.234	411.389	419.334	433.764	452.937	471.884	483.394	491.641	497.824	512.565	528.537	547.388	570.925	596.762	626.908	653.481	667.363	668.055	669.951	683.556	698.323	722.895	749.631	762.368	733.645	743.935	756.312	748.317	744.61	752.139
88.703	93.432	97.667	101.498	106.525	112.73	117.421	121.964	127.297	133.108	135.235	135.553	140.938	149.469	157.769	164.147	167.025	166.598	168.328	171.581	176.874	183.196	188.408	197.933	206.155	216.521	227.963	233.946	238.656	246.305	251.442	255.057	257.403	267.593	274.617	281.194	289.433	290.545	285.831	287.551	290.337	298.318	301.297	307.97
283.999	304.811	327.382	346.673	363.274	372.271	379.405	393.42	377.183	378.872	341.072	324.813	342.853	362.254	382.177	398.484	404.756	420.804	422.007	376.268	349.871	358.67	372.078	391.772	419.007	444.385	473.09	494.921	517.896	541.51	548.268	559.462	579.392	609.148	630.755	669.816	718.054	746.204	765.861	794.45	834.24	847.269	857.984	886.148
97.042	104.821	116.561	117.894	112.768	120.549	127.303	130.888	138.269	144.614	146.954	150.092	149.832	147.016	151.143	157.402	167.446	179.986	191.579	199.147	207.846	210.111	205.817	207.803	216.703	224.28	234.208	245.43	254.973	264.63	269.773	271.847	269.307	274.186	276.288	280.579	287.571	288.144	279.563	284.871	279.667	268.401	265.368	267.772
51.457	53.311	55.09	57.026	58.706	59.99	62.278	63.27	63.808	65.349	64.963	66.049	66.846	68.228	70.615	73.555	75.364	76.826	77.756	75.679	64.648	60.304	61.451	65.264	69.078	73.746	78.22	81.358	81.191	82.174	84.899	88.739	93.548	98.467	104.766	113.656	125.97	133.091	125.783	132.175	135.931	138.002	139.972	143.502
-999	-999	-999	-999	-999	-999	-999	-999	-999	-999	-999	-999	-999	-999	-999	32.142	31.843	31.001	31.169	36.353	33.117	31.308	32.198	33.913	35.306	36.548	38.417	39.679	41.772	43.508	44.791	46.509	47.831	49.913	51.911	54.847	58.654	60.59	55.865	56.557	56.924	55.377	54.791	56.461
504.764	545.901	588.418	621.48	624.85	645.493	663.816	673.528	673.808	688.69	687.778	696.351	708.677	721.325	738.07	762.082	804.355	845.332	886.136	919.644	943.059	951.822	942.004	964.453	991.048	1017.555	1055.099	1100.531	1149.889	1210.708	1259.149	1295.41	1336.702	1379.032	1430.374	1490.08	1546.24	1563.495	1507.619	1507.827	1492.747	1453.633	1429.328	1448.777
172.278	176.221	183.214	189.073	193.9	195.952	192.824	196.201	203.735	207.199	208.141	210.74	214.746	223.828	228.664	234.818	242.693	248.904	255.512	257.44	254.49	251.541	246.346	256.415	266.734	270.783	278.637	290.414	303.57	317.945	322.916	329.612	337.476	352.056	361.979	378.949	391.852	389.669	369.466	391.593	402.026	400.875	405.851	415.052
218.943	225.95	232.842	236.229	219.024	215.95	221.205	222.11	227.644	238.12	241.934	238.766	240.292	247.521	256.614	261.383	265.527	274.23	286.106	296.62	293.903	293.775	293.405	297.13	298.559	300.354	307.298	316.347	321.546	334.234	339.069	339.556	339.724	349.383	359.998	374.444	389.947	398.827	390.334	401.863	409.115	413.716	421.034	428.99
237.921	255.589	263.926	278.691	298.682	329.933	341.166	346.299	344.137	335.72	352.019	364.561	382.677	408.361	425.682	455.545	498.75	509.325	510.607	557.865	563.034	596.727	644.716	609.543	653.376	699.147	751.785	775.029	748.947	799.684	754.122	800.605	842.759	921.665	999.099	1067.972	1117.831	1125.196	1070.895	1168.957	1271.506	1298.557	1352.999	1392.428
951.745	991.977	1056.852	1030.209	1014.245	1044.959	1072.097	1116.374	1157.414	1132.306	1122.717	1146.018	1194.171	1221.164	1271.394	1311.676	1384.606	1466.576	1503.52	1511.843	1492.839	1499.503	1539.015	1600.944	1641.316	1685.103	1737.324	1795.984	1851.888	1922.239	1975.255	2024.516	2092.067	2144.127	2208.373	2267.156	2325.785	2314.927	2217.886	2252.046	2296.465	2323.542	2373.728	2441.447
7225.855	7581.651	8034.164	8240.813	8222.13	8596.411	8847.602	9112.186	9408.636	9547.837	9558.71	9637.379	9831.273	10102.529	10381.808	10681.337	11016.346	11466.041	11856.207	12220.081	12348.821	12508.2	12547.749	12852.11	13225.701	13532.139	13957.614	14383.17	14767.859	15365.024	15640.218	15881.399	16118.027	16591.543	17003.273	17615.697	18187.987	18287.48	17527.601	17972.983	18369.459	18324.018	18414.235	18697.229
7.477	8.143	9.036	8.85	9.37	10.036	10.676	11.382	12.041	12.366	13.077	13.463	13.611	13.441	13.68	14.451	14.338	14.134	15.524	14.038	9.884	9.172	10.053	10.887	12.335	13.458	11.999	13.08	14.846	15.836	17.094	17.817	18.846	19.922	21.061	22.205	23.515	25.286	26.133	27.103	27.794	28.188	28.501	29.12
-999	-999	-999	-999	-999	-999	-999	-999	-999	-999	-999	-999	-999	-999	-999	-999	-999	-999	-999	12.974	11.456	6.667	6.08	6.409	6.851	7.253	7.494	8.041	8.306	8.796	9.637	10.908	12.439	13.741	15.646	17.711	20.147	21.537	18.489	18.896	19.784	21.209	21.909	22.675
-999	-999	-999	-999	-999	-999	-999	-999	-999	-999	-999	-999	-999	-999	-999	-999	-999	-999	-999	59.714	59.296	45.895	35.293	28.341	24.996	25.321	26.79	29.469	31.65	35.163	38.644	42.74	47.527	52.375	66.202	89.041	111.345	123.34	134.947	141.498	141.591	144.706	153.094	156.156
-999	-999	-999	-999	-999	-999	-999	-999	-999	-999	-999	-999	-999	-999	-999	-999	-999	-999	-999	80.698	79.729	72.075	66.598	58.806	52.69	54.165	60.34	65.409	67.633	71.555	74.936	78.717	84.261	93.909	102.736	113.01	122.729	135.247	135.518	146.008	154.102	156.77	158.453	160.969
-999	-999	-999	-999	-999	-999	-999	-999	-999	-999	-999	-999	-999	-999	-999	-999	-999	-999	-999	11.774	10.623	7.737	5.377	5.511	6.658	12.58	16.906	19.544	21.42	22.598	23.592	24.843	25.837	27.413	29.813	31.417	33.217	35.037	34.032	34.293	34.605	34.282	35.102	35.482
34.258	36.965	39.927	42.949	46.726	49.814	52.897	55.859	59.575	62.971	66.057	67.599	69.918	72.293	74.232	77.356	82.039	91.018	88.024	79.998	73.242	67.916	66.911	68.127	70.076	71.197	70.414	72.878	68.79	72.237	75.305	79.837	83.891	89.391	95.859	102.332	110.187	116.409	111.497	111.558	113.32	113.592	115.046	116.83
-999	-999	-999	-999	-999	-999	-999	-999	-999	-999	-999	-999	-999	-999	-999	-999	-999	-999	-999	81.462	73.493	53.532	49.249	52.155	55.615	58.882	62.795	63.964	63.366	65.753	68.011	71.579	75.558	78.643	81.917	85.837	90.258	92.111	85.31	83.858	83.622	81.793	80.923	80.631
3.652	4.023	4.348	4.069	4.328	5.205	6.056	6.527	7.174	7.586	7.777	8.246	8.706	9.468	9.931	10.299	11.026	11.98	12.932	13.889	13.992	15.307	15.414	16.324	17.319	17.601	18.024	18.941	19.829	20.954	21.703	22.402	23.027	24.035	24.964	26.091	27.368	28.359	27.78	28.166	28.24	27.566	26.09	25.501
-999	-999	-999	-999	-999	-999	-999	-999	-999	-999	-999	-999	-999	-999	-999	-999	-999	-999	-999	19.698	18.482	17.269	15.979	15.698	15.523	15.707	15.933	16.472	17.186	17.968	17.417	17.677	18.07	18.915	19.808	20.826	22.174	23.387	23.303	24.086	24.65	24.537	25.191	26.14
-999	-999	-999	-999	-999	-999	-999	-999	-999	-999	-999	-999	-999	-999	-999	-999	-999	-999	-999	37.725	29.765	16.401	11.595	10.389	10.659	11.853	13.1	13.507	13.894	14.15	14.83	15.642	17.371	18.389	20.154	22.045	24.766	25.339	24.383	25.907	27.773	29.49	30.469	31.921
0.373	0.387	0.414	0.408	0.406	0.417	0.427	0.44	0.452	0.443	0.437	0.447	0.464	0.476	0.493	0.513	0.537	0.564	0.576	0.581	0.573	0.574	0.586	0.611	0.63	0.648	0.689	0.715	0.741	0.774	0.799	0.82	0.849	0.874	0.892	0.915	0.947	0.937	0.896	0.914	0.92	0.928	0.961	0.98
-999	-999	-999	-999	-999	-999	-999	-999	-999	-999	-999	-999	-999	-999	-999	-999	-999	-999	-999	203.876	181.45	171.833	156.024	136.365	125.183	125.809	127.948	125.517	128.906	141.539	160.647	176.39	192.794	211.302	231.799	256.601	279.439	288.66	292.124	313.449	336.958	353.806	375.034	391.536
-999	-999	-999	-999	-999	-999	-999	-999	-999	-999	-999	-999	-999	-999	-999	-999	-999	-999	-999	-999	-999	-999	-999	-999	-999	-999	-999	-999	-999	7.721	9.803	9.735	10.317	10.586	11.225	11.73	12.585	12.918	13.35	13.791	14.428	14.834	15.344	15.531
-999	-999	-999	-999	-999	-999	-999	-999	-999	-999	-999	-999	-999	-999	-999	-999	-999	-999	-999	14.949	13.776	11.862	10.029	8.014	7.58	8.117	8.921	9.111	9.444	9.956	10.486	10.484	11.221	12.01	11.989	12.361	13.417	14.544	14.964	14.893	15.78	15.766	17.487	18.117
-999	-999	-999	-999	-999	-999	-999	-999	-999	-999	-999	-999	-999	-999	-999	-999	-999	-999	-999	34.341	30.016	20.375	19.36	19.784	19.597	20.058	21.862	23.291	23.901	25.192	26.819	28.726	31.146	33.744	37.355	41.801	45.965	44.311	37.953	36.518	38.787	40.34	41.559	42.54
-999	-999	-999	-999	-999	-999	-999	-999	-999	-999	-999	-999	-999	-999	-999	-999	-999	-999	-999	55.82	52.652	41.459	34.731	31.339	32.37	34.037	36.86	39.613	39.163	40.664	43.317	46.245	51.119	54.467	58.676	63.022	70.009	71.849	61.205	62.209	65.97	68.5	70.928	73.079
1.532	1.621	1.688	1.858	2.221	2.599	2.916	3.241	3.581	3.834	3.961	4.051	4.027	4.064	4.17	4.332	4.51	4.889	5.289	5.622	5.973	6.254	6.534	6.903	7.341	7.618	8.019	8.43	8.828	9.425	9.279	9.54	9.553	9.505	9.853	10.072	10.503	10.913	10.607	11.063	11.218	11.342	11.67	11.928
-999	-999	-999	-999	-999	-999	-999	-999	-999	-999	-999	-999	-999	-999	-999	-999	-999	-999	-999	23.32	19.589	13.888	13.722	9.482	9.349	8.863	9.005	8.419	8.133	8.304	8.81	9.498	10.124	10.875	11.689	12.25	12.626	13.606	12.791	13.698	14.577	14.475	15.835	16.564
-999	-999	-999	-999	-999	-999	-999	-999	-999	-999	-999	-999	-999	-999	-999	-999	-999	-999	-999	-999	-999	-999	-999	-999	-999	-999	-999	-999	-999	-999	-999	-999	-999	-999	6.704	7.279	8.054	8.612	8.125	8.325	8.594	8.36	8.656	8.811
105.759	116.968	129.156	145.046	160.049	177.548	197.115	212.501	223.319	230.689	232.455	241.755	256.502	271.635	271.366	277.881	280.106	278.708	262.544	247.841	215.824	196.903	199.913	207.773	222.605	231.219	220.083	215.49	214.624	219.765	232.054	244.084	257.568	279.097	290.741	314.162	335.725	364.124	338.392	335.69	339.236	341.41	353.467	363.284
-999	-999	-999	-999	-999	-999	-999	-999	-999	-999	-999	-999	-999	-999	-999	-999	-999	-999	-999	2714.929	2577.909	2203.311	2012.316	1759.373	1686.473	1625.76	1648.52	1561.149	1661.062	1827.168	1920.207	2011.296	2158.037	2312.897	2460.371	2660.976	2888.092	3039.658	2801.93	2928.121	3052.981	3156.952	3199.281	3219.771
-999	-999	-999	-999	-999	-999	-999	-999	-999	-999	-999	-999	-999	-999	-999	-999	-999	-999	-999	101.508	91.578	66.705	46.354	47.513	50.411	54.343	59.832	60.251	53.503	56.36	59.347	61.793	63.446	69.346	73.091	75.722	79.811	82.844	79.94	80.745	82.01	80.761	82.745	82.3
-999	-999	-999	-999	-999	-999	-999	-999	-999	-999	-999	-999	-999	-999	-999	-999	-999	-999	-999	18.868	17.528	12.445	10.404	8.188	7.173	5.975	6.076	6.398	6.635	7.186	7.919	8.774	9.739	10.742	11.462	12.265	13.221	14.266	14.808	15.77	16.937	18.208	19.555	20.865
-999	-999	-999	-999	-999	-999	-999	-999	-999	-999	-999	-999	-999	-999	-999	-999	-999	-999	-999	30.02	28.637	24.351	24.717	20.441	18.969	20.24	17.933	19.206	22.375	23.598	24.623	24.687	25.494	26.769	30.259	33.578	37.291	42.772	45.382	49.556	56.841	63.151	69.593	76.761
-999	-999	-999	-999	-999	-999	-999	-999	-999	-999	-999	-999	-999	-999	-999	-999	-999	-999	-999	533.355	488.496	441.117	378.363	291.589	256.015	230.414	223.501	219.255	218.816	231.726	253.045	266.204	291.227	326.465	335.28	359.755	388.176	397.104	338.332	352.542	370.875	371.616	371.616	346.346
-999	-999	-999	-999	-999	-999	-999	-999	-999	-999	-999	-999	-999	-999	-999	-999	-999	-999	-999	60.918	60.619	53.829	52.591	49.857	49.408	50.248	52.861	55.134	57.504	59.69	62.197	64.684	67.401	72.591	77.672	83.342	91.26	99.856	107.944	117.12	126.841	137.241	148.221	160.227
1931.069	2021.814	2202.648	2323.421	2414.166	2564.968	2685.742	2805.862	2896.607	2945.85	3007.71	3094.645	3193.669	3238.378	3273.998	3411.507	3455.854	3507.685	3609.409	-999	-999	-999	-999	-999	-999	-999	-999	-999	-999	-999	-999	-999	-999	-999	-999	-999	-999	-999	-999	-999	-999	-999	-999	-999
167.39	173.319	177.844	204.164	205.506	216.456	234.508	256.051	269.572	276.53	279.903	281.675	278.463	283.206	281.559	291.552	288.84	281.206	282.735	-999	-999	-999	-999	-999	-999	-999	-999	-999	-999	-999	-999	-999	-999	-999	-999	-999	-999	-999	-999	-999	-999	-999	-999	-999
2251.51	2363.24	2565.061	2730.765	2842.772	3027.043	3190.337	3351.863	3472.321	3540.269	3611.377	3711.881	3825.36	3892.961	3929.429	4087.891	4137.25	4190.184	4277.033	4457.918	4164.582	3576.877	3248.193	2869.879	2765.826	2711.366	2745.905	2673.284	2780.555	3014.078	3190.521	3355.122	3596.862	3878.003	4137.218	4486.346	4872.827	5133.026	4800.135	4995.777	5208.434	5359.823	5476.73	5534.065
98.615	125.659	130.45	140.228	147.302	159.656	168.052	183.538	197.262	198.822	204.787	217.893	229.659	242.52	251.493	252.499	250.732	248.225	259.146	261.22	258.085	262.73	257.213	254.898	264.584	275.432	278.462	292.664	302.029	308.674	322.911	340.994	365.546	381.264	403.759	410.623	424.584	433.076	440.005	455.846	468.609	484.073	497.627	516.537
27.703	28.117	30.034	28.533	27.949	25.086	25.667	26.765	27.376	28.033	26.799	26.799	27.925	29.601	30.637	31.494	33.983	35.886	36.029	35.921	35.49	33.041	24.88	25.751	28.429	31.613	34.11	36.431	37.612	38.745	40.38	45.961	48.373	53.636	63.431	76.583	93.885	106.858	109.436	113.165	117.6	123.701	128.723	133.793
3.922	4.174	4.328	4.473	4.254	4.291	4.505	4.562	4.86	5.19	5.706	5.834	5.58	6.023	6.476	6.617	6.517	6.739	6.547	7.135	7.436	7.656	8.103	8.267	8.766	9.145	9.67	10.053	10.59	11.21	11.808	12.356	12.782	13.348	13.577	14.113	14.957	15.689	16.053	16.393	16.879	17.662	18.877	20.112
-999	-999	-999	-999	-999	-999	-999	-999	-999	-999	4.252	4.769	5.396	5.857	6.274	6.787	7.593	9.07	10.255	10.949	11.766	12.109	12.341	12.789	13.688	14.486	15.649	15.762	17.286	17.629	17.673	18.746	19.613	20.144	21.062	22.823	24.713	26.256	24.247	26.323	27.915	29.264	31.992	33.406
12.993	13.34	14.055	15.563	17.313	16.362	18.61	22.705	24.075	23.602	27.634	29.711	31.751	34.125	36.876	39.373	38.528	35.514	34.868	32.739	31.492	30.516	28.095	28.675	29.859	31.325	32.99	34.605	36.011	37.514	39.207	40.779	42.423	43.993	45.003	46.454	47.967	49.35	50.304	51.948	54.099	56.581	59.728	63.268
4.452	4.835	5.233	5.646	6.082	6.138	5.588	5.944	6.527	7.678	9.031	11.162	11.816	12.64	12.49	11.633	11.655	11.861	12.17	12.291	12.586	12.914	12.788	12.085	12.567	13.106	13.024	13.511	13.162	14.159	14.698	15.371	15.496	16.035	17.279	18.356	18.066	19.072	20.497	22.291	23.053	23.929	24.753	26.431
23.394	24.385	25.833	26.951	29.176	32.944	35.354	39.211	40.149	35.75	37.001	37.076	35.63	34.667	36.228	37.408	37.278	37.702	38.813	38.388	38.403	38.309	38.236	38.546	41.293	44.484	46.15	48.425	49.208	48.19	48.249	47.444	46.799	47.376	48.191	48.922	49.785	51.051	52.711	53.775	51.415	56.92	62.167	67.481
40.436	40.497	43.792	45.163	42.913	40.635	40.944	38.756	38.922	39.777	40.712	40.525	41.097	43.375	43.578	45.633	46.854	47.075	46.479	43.426	39.769	35.593	30.799	29.598	29.805	29.5	27.843	27.391	26.221	24.409	23.897	24.601	25.973	27.723	29.424	30.99	32.93	34.98	35.978	38.525	41.17	44.117	47.868	52.199
106.578	108.741	109.507	112.229	122.262	140.145	158.135	167.275	177.377	195.135	202.464	222.522	238.992	253.55	270.289	277.443	284.433	299.51	314.402	332.329	335.914	350.802	360.978	375.32	392.744	412.337	434.979	452.536	480.166	505.941	523.827	536.245	553.369	576.013	601.768	642.947	688.519	737.763	772.33	812.021	826.773	844.911	862.711	881.939
-999	-999	-999	-999	-999	-999	-999	-999	-999	-999	-999	-999	-999	-999	-999	-999	-999	-999	-999	-999	-999	3.395	3.851	4.669	4.802	5.247	5.662	5.762	5.763	5.582	6.07	6.253	6.087	6.175	6.334	6.273	6.362	5.74	5.962	6.093	6.622	7.087	7.181	7.327
24.207	24.697	25.001	25.337	24.787	25.213	25.651	24.082	24.387	25.362	25.362	25.594	27.702	26.913	23.914	26.224	29.859	30.009	29.901	30.716	28.524	26.05	29.474	30.414	32.277	36.288	37.426	36.131	37.996	40.304	43.65	44.311	43.353	49.237	55.057	61.022	68.013	75.35	81.983	92.272	102.587	111.458	123.253	135.923
7.909	8.806	9.703	13.534	16.131	21.878	19.126	14.526	14.595	14.967	15.73	15.243	16.098	17.306	16.903	16.767	13.892	15.677	17.016	17.9	18.994	18.407	19.133	19.844	20.831	21.586	22.824	23.618	21.509	21.104	21.554	21.5	21.984	22.135	22.999	22.163	23.6	22.885	22.612	24.677	26.427	27.815	29.383	30.651
22.592	22.03	22.666	24.219	21.208	20.459	20.925	22.698	22.127	22.232	21.453	19.968	19.056	20.704	21.759	22.89	23.987	25.337	26.626	27.512	28.965	30.089	31.549	32.59	33.93	35.491	36.981	38.719	40.423	41.918	43.595	45.557	47.926	50.61	53.596	57.026	59.504	64.949	68.096	73.476	83.796	91.583	98.28	102.197
20.722	24.261	25.692	26.736	26.972	27.553	30.158	32.243	34.698	36.638	38.021	38.594	39.099	39.785	41.496	44.475	47.115	50.038	52.385	54.581	55.366	54.923	55.117	56.568	59.061	61.51	61.802	63.835	65.307	65.699	68.182	68.555	70.565	74.167	78.548	83.632	89.361	89.569	92.531	100.306	106.436	111.284	117.613	123.879
136.649	118.752	119.961	102.668	110.407	135.44	147.532	152.37	172.927	174.137	139.238	141.352	134.693	123.508	124.256	110.152	93.955	101.077	108.353	112.387	129.979	126.454	121.694	124.05	108.669	111.532	110.855	110.438	110.949	115.031	113.004	111.92	126.488	132.131	147.816	157.425	167.425	171.891	170.532	179.095	67.92	138.888	120.065	91.25
2.577	2.792	3.127	3.402	3.433	4.248	4.526	4.7	4.865	4.375	4.633	4.887	4.906	5.137	5.494	6.029	6.565	7.011	7.324	7.851	8.199	8.733	9.176	9.556	9.966	10.523	11.121	11.796	12.104	13.197	13.536	13.822	14.328	15.151	15.339	15.945	16.884	17.815	18.358	19.11	19.853	20.488	21.144	21.905
39.279	40.236	41.668	44	47.325	52.443	55.62	56.862	59.588	61.758	60.754	66.934	67.46	71.689	75.539	82.822	81.773	91.741	94.343	96.974	104.293	101.26	100.244	111.767	104.693	118.785	116.395	125.683	126.348	128.361	138.054	142.632	151.642	158.924	163.658	176.357	181.129	191.858	200	207.631	218.523	225.1	235.737	241.435
5.599	5.782	6.109	5.446	4.734	4.508	4.542	4.579	4.646	4.841	5.083	4.732	3.989	3.73	3.767	3.681	4.222	4.568	4.865	4.913	5.154	4.884	5.313	5.64	5.766	7.314	8.107	9.068	9.778	9.942	11.206	12.192	12.985	13.999	15.22	16.719	17.96	19.195	20.415	21.78	23.33	25.009	26.795	28.73
-999	-999	-999	-999	-999	-999	-999	-999	-999	-999	-999	-999	-999	-999	-999	-999	-999	-999	-999	-999	8.575	9.191	9.046	9.202	9.561	9.866	10.283	10.621	10.979	11.362	11.496	12.047	12.558	14.098	14.455	15.477	16.502	16.939	16.989	18.015	18.932	19.891	21.021	22.36
-999	-999	-999	-999	-999	-999	-999	-999	-999	-999	-999	-999	-999	-999	-999	-999	-999	-999	-999	-999	-999	-999	-999	-999	-999	-999	-999	-999	-999	8.378	8.973	9.242	9.732	9.742	10.18	10.771	11.11	12.175	12.088	13.1	13.402	14.986	15.672	16.754
224.096	231.635	244.126	271.372	257.186	280.441	297.336	280.197	299.136	311.715	270.793	267.941	254.409	249.266	270.012	246.375	219.885	236.47	251.763	283.903	282.149	283.373	289.296	291.928	291.031	305.564	314.126	322.657	324.187	341.428	356.488	369.98	408.289	546.028	564.837	611.215	652.952	693.893	742.011	800.182	839.29	875.206	922.418	980.62
8.965	9.537	9.005	9.383	10.09	10.99	10.695	10.272	10.991	10.628	11.166	12.042	11.401	11.828	12.216	12.596	13.364	13.285	13.813	13.72	14.071	14.246	14.431	14.428	15.202	15.508	15.993	16.936	18.013	18.587	19.439	19.566	20.873	22.099	23.341	23.916	25.097	26.021	26.652	27.766	28.255	29.488	30.556	31.998
230.324	234.135	244.84	259.802	264.207	270.151	269.897	278.033	288.572	307.677	324.171	322.928	316.965	333.128	329.092	329.15	336.065	350.18	358.566	357.427	353.787	346.227	350.498	361.714	372.927	388.963	399.076	401.071	410.697	427.946	439.501	455.764	469.205	490.575	516.463	545.307	574.538	592.872	583.753	601.498	620.821	634.602	648.641	658.687
-999	-999	-999	-999	-999	-999	-999	-999	-999	-999	-999	-999	-999	-999	-999	-999	-999	-999	-999	-999	-999	-999	-999	-999	-999	-999	-999	-999	-999	-999	-999	-999	-999	-999	-999	-999	-999	-999	-999	-999	-999	19.22	21.744	22.477
25.01	23.741	23.892	26.626	30.81	35.944	38.181	35.917	34.114	34.634	37.21	39.428	40.241	38.225	35.824	37.764	43.134	42.991	46.831	44.269	47.594	50.725	53.042	53.576	56.789	60.151	66.507	69.372	71.525	76.064	81.009	86.215	92.884	96.491	103.718	114.156	127.309	137.242	141.691	146.607	143.722	140.539	145.177	149.677
18.732	19.985	20.596	21.112	22.358	23.789	23.883	24.171	24.984	25.809	26.121	26.136	25.905	26.025	27.06	28.582	30.363	32.154	33.364	35.715	36.455	36.668	37.11	37.691	39.037	40.811	42.25	43.816	45.937	48.204	51.095	54.755	58.526	63.107	68.265	71.447	77.494	81.808	86.211	91.694	98.941	104.028	111.584	119.356
2.974	3.2	3.323	3.484	3.569	3.496	3.739	4.152	3.937	4.511	4.362	4.205	3.978	4.199	4.432	4.502	4.525	4.826	5.022	5.009	4.974	4.776	4.055	4.663	5.029	5.473	6.26	6.116	6.268	6.219	6.118	6.061	6.361	6.496	6.573	6.839	6.996	7.152	7.403	7.698	8.074	8.552	8.989	9.503
17.356	20.435	20.302	21.941	23.511	25.363	26.228	27.917	29.751	31.958	33.72	33.554	35.125	37.144	39.242	38.674	41.266	41.296	42.017	45.357	47.128	50.807	51.919	53.57	54.829	58.748	61.944	64.907	68.837	72.079	74.816	75.805	79.37	84.319	87.259	91.835	97.997	102.149	105.258	108.954	106.865	111.24	114.459	117.544
14.555	15.895	15.742	16.754	16.374	17.393	16.599	16.691	16.186	16.678	17.706	17.208	16.87	16.813	17.084	17.208	17.669	18.778	18.586	18.497	18.49	18.17	19.405	17.731	18.245	19.38	20.119	20.041	20.973	21.79	22.949	23.983	25.649	27.452	29.439	31.766	34.419	37.094	40.515	44.687	47.519	50.718	54.123	57.37
13.486	14.609	14.989	15.983	15.674	15.747	14.666	14.269	14.74	16.865	18.978	19.478	19.787	19.409	20.757	21.193	21.437	23.056	24.254	25.95	27.385	24.916	25.178	27.503	27.547	30.401	31.216	32.116	31.854	30.879	31.324	28.538	23.688	22.312	21.038	20.31	19.568	16.11	17.074	19.017	21.281	23.529	24.584	25.53
99.591	100.651	99.878	102.654	105.091	108.775	112.27	114.857	117.361	118.354	115.207	117.036	118.446	118.256	123.519	126.923	129.508	134.986	137.899	134.436	129.176	128.23	129.791	127.814	133.892	141.003	148.865	156.771	164.772	161.271	172.847	179.83	189.559	207.106	222.355	236.776	252.415	269.1	275.697	288.498	302.083	317.249	326.537	340.881
1232.716	1270.927	1313.852	1373.239	1401.118	1509.088	1578.429	1607.292	1694.153	1757.126	1728.094	1773.551	1783.976	1825.423	1886.707	1884.894	1876.157	1955.062	2031.637	2091.515	2120.199	2125.194	2132.755	2180.847	2225.819	2345.572	2420.689	2500.852	2576.504	2671.816	2777.556	2871.025	3022.426	3291.886	3469.984	3688.188	3922.041	4125.902	4257.392	4482.443	4532.192	4789.118	4959.402	5131.22
78.856	67.837	70.093	76.816	73.676	77.847	79.928	85.582	89.691	90.426	96.967	99.037	102.881	107.822	111.426	116.076	120.455	123.365	126.865	133.997	138.667	146.215	153.104	159.06	167.206	174.768	182.615	192.069	201.039	211.681	222.428	230.954	241.9	254.575	271.214	289.309	309.73	328.356	344.922	364.141	387.68	412.963	437.797	464.332
11.727	12.662	13.677	14.311	14.362	17.257	19.141	20.438	25.049	23.297	18.678	19.417	19.514	19.631	19.338	18.813	19.191	19.402	19.193	19.403	20.013	20.965	21.029	21.691	22.662	23.314	22.971	22.843	23.54	24.211	24.875	25.839	26.589	26.723	26.827	28.006	28.05	27.506	27.02	27.722	28.673	28.945	28.438	27.773
-999	-999	-999	-999	-999	-999	-999	-999	-999	-999	-999	-999	-999	-999	-999	-999	-999	-999	-999	-999	-999	-999	-999	-999	11.512	12.135	12.817	13.459	15.062	16.383	17.7	18.884	20.49	22.609	25.604	28.362	31.259	33.35	33.379	35.37	37.87	40.62	43.658	46.746
33.794	38.357	42.92	47.494	52.972	59.365	66.672	74.885	83.106	91.329	100.456	110.508	121.463	133.334	146.12	151.598	161.65	170.776	180.828	174.134	165.08	152.534	145.975	143.345	136.754	131.692	122.741	121.391	121.391	121.391	117.749	117.749	117.749	117.749	117.749	119.868	118.55	115.823	120.109	109.299	103.834	112.141	126.719	143.192
665.914	662.229	684.053	692.162	755.494	768.059	823.779	870.838	825.222	880.807	933.711	966.164	1036.586	1076.192	1132.738	1186.844	1233.907	1352.704	1433.154	1512.457	1528.442	1612.237	1688.831	1801.288	1937.727	2084.016	2168.415	2302.519	2506.194	2602.457	2727.998	2831.771	3054.359	3296.353	3602.414	3936.141	4321.936	4490.101	4870.851	5370.599	5727.118	6018.137	6433.342	6902.091
215.198	232.161	254.857	275.901	292.961	310.504	337.32	368.372	394.5	428.92	463.869	468.99	508.62	545.099	564.055	597.698	629.376	669.377	730.188	795.916	866.974	929.574	997.006	1072.181	1162.205	1251.03	1309.827	1137.889	1146.891	1203.319	1247.162	1303.277	1365.579	1434.28	1515.927	1599.317	1700.794	1803.075	1886.537	2003.952	2127.592	2255.887	2381.747	2501.422
51.924	56.795	63.449	68.721	69.272	77.282	83.277	88.816	97.12	104.35	111.594	118.223	125.612	135.362	133.843	135.386	142.681	156.861	171.07	186.483	204.283	222.434	244.444	266.962	293.202	322.53	346.148	320.674	340.355	370.507	372.425	392.502	415.222	443.389	467.031	493.114	524.174	549.501	541.183	581.371	612.148	645.653	676.086	716.601
-999	-999	-999	-999	-999	-999	-999	-999	-999	-999	-999	-999	-999	-999	9.138	9.995	10.34	10.868	11.323	10.962	10.009	9.083	8.795	8.982	9.555	9.769	10.149	10.488	10.81	10.934	11.257	11.79	12.616	13.956	14.969	16.249	17.915	19.509	19.262	20.488	24.03	26.991	30.134	32.491
18.929	19.39	19.202	20.228	21.068	22.349	23.68	25.223	26.535	28.641	30.462	32.169	33.581	35.238	36.243	35.859	34.423	30.515	31.643	32.534	32.322	35.445	37.586	40.396	43.203	45.987	48.586	51.436	57.065	64.91	72.273	80.964	92.173	104.676	118.879	134.424	150.543	155.963	163.985	172.749	182.956	196.312	212.508	230.571
11.149	11.497	11.442	12.167	12.344	12.887	13.276	13.861	14.189	13.86	15.016	15.584	15.12	16.583	17.602	18.406	18.718	20.159	21.032	22.006	23.408	24.369	25.307	27.387	28.336	29.846	31.353	32.299	33.724	35.815	37.534	37.579	39.062	40.891	42.313	43.737	45.229	47.99	50.166	52.582	54.381	56.981	59.334	62.526
111.406	112.313	120.247	124.504	129.747	136.437	141.823	153.238	158.997	175.24	189.12	201.484	215.141	226.039	243.2	256.58	273.135	293.962	308.542	322.299	338.612	364.705	371.116	384.986	404.091	423.676	427.974	438.888	454.952	474.333	483.737	499.335	523.534	562.111	605.21	642.597	673.653	685.114	704.514	715.834	735.508	761.302	794.55	832.199
122.186	128.842	140.335	145.328	153.416	166.926	176.278	185.395	195.851	205.935	212.985	220.693	224.83	208.364	193.14	199.739	208.351	222.42	236.222	243.396	241.989	242.806	247.944	258.823	270.932	286.771	301.641	299.901	309.144	322.781	332.122	344.231	361.341	385.542	403.962	425.141	453.272	472.095	477.516	513.961	532.771	568.38	608.481	645.795
22.936	26.038	28.936	30.807	32.227	34.624	37.216	40.455	44.265	48.704	53.907	57.773	62.708	68.226	67.757	68.657	76.042	84.495	93.099	102.45	109.301	117.048	130.552	144.815	154.993	166.667	180.485	176.469	187.225	203.884	201.942	210.447	219.782	240.769	258.8	281.731	307.401	312.896	311.008	358.406	380.654	393.651	411.142	423.141
26.793	26.683	28.566	29.665	31.482	32.532	34.192	36.125	38.438	40.685	43.004	44.785	46.941	49.334	51.801	54.057	54.99	56.35	57.645	61.334	64.156	66.979	71.6	75.61	79.768	82.8	88.103	92.243	96.21	101.982	100.406	104.387	110.588	116.609	123.888	133.388	142.454	150.93	156.272	168.798	182.985	199.718	206.5	215.706
57.206	65.341	75.234	85.329	86.946	91.938	106.226	119.194	137.781	149.778	159.448	165.784	179.578	196.315	204.299	226.781	250.999	264.985	292.229	312.308	336.933	362.395	386.792	416.154	442.699	467.208	492.791	509.873	540.318	571.634	562.199	591.79	613.505	651.48	682.122	719.21	762.24	767.802	753.902	835.026	870.018	882.889	901.319	932.757
93.592	97.597	107.587	112.392	117.978	128.982	141.678	156.265	164.659	173.178	183.407	193.224	204.014	215.75	225.776	238.27	260.951	295.627	331.665	368.703	400.257	432.612	468.306	505.757	546.825	577.734	561.825	518.937	542.665	566.844	586.367	622.422	667.17	709.131	738.828	775.532	817.683	831.794	825.653	887.632	895.032	960.574	987.561	996.11
52.212	47.204	47.772	50.552	52.765	56.098	57.219	58.878	57.772	55.75	58.982	63.789	68.313	74.05	76.868	79.012	81.844	86.046	92.383	97.096	102.883	111.779	120.802	131.48	144.024	157.476	170.313	180.131	188.729	201.539	214.02	227.548	243.247	261.579	281.321	300.951	322.408	340.661	359.05	382.113	405.958	427.26	450.425	477.377
44.58	44.824	46.652	48.551	49.176	50.151	51.45	54.755	57.221	57.853	59.995	61.518	64.342	66.96	59.251	61.848	62.762	63.4	64.617	66.024	68.293	72.899	75.807	79.13	73.515	75.569	76.149	75.921	77.536	79.483	81.392	89.37	95.433	103.846	111.081	119.659	132.059	137.877	147.972	166.973	185.395	202.257	214.778	220.479
1618.402	1649.77	1755.022	1834.928	1945.886	2043.238	2193.155	2352.32	2410.396	2568.753	2731.601	2839.142	3029.244	3174.299	3292.595	3455.619	3639.815	3921.312	4201.698	4461.502	4651.622	4924.079	5194.996	5538.047	5929.209	6322.988	6554.903	6497.43	6852.85	7184.088	7413.586	7740.839	8220.339	8786.268	9408.139	10086.736	10859.35	11270.343	11793.301	12767.016	13474.603	14190.661	15004.519	15871.309
404.329	419.693	452.849	463.265	503.569	495.512	533.171	596.521	641.857	691.965	727.756	793.373	878.676	1012.297	1149.497	1252.098	1398.843	1556.921	1622.538	1686.366	1842.654	2105.72	2399.209	2712.979	3011.24	3310.097	3615.516	3899.46	4196.528	4550.265	4927.863	5375.85	5914.509	6510.434	7249.524	8169.36	9328.997	10226.762	11171.055	12358.729	13530.894	14579.578	15699.845	16840.982
35.652	39.436	44.278	45.348	45.571	52.937	59.144	64.03	71.43	78.65	85.934	88.469	93.756	103.107	103.888	115.374	130.832	141.968	145.201	150.763	159.359	169.295	179.793	190.646	195.171	203.482	213.859	201.279	206.324	222.136	223.382	227.082	234.023	254.383	273.177	292.388	311.29	317.914	310.096	331.083	347.023	352.924	363.766	372.865
439.981	459.129	497.127	508.613	549.14	548.449	592.315	660.551	713.287	770.615	813.69	881.842	972.432	1115.404	1253.385	1367.472	1529.675	1698.889	1767.739	1837.129	2002.013	2275.015	2579.002	2903.625	3206.411	3513.579	3829.375	4100.739	4402.852	4772.401	5151.245	5602.932	6148.532	6764.817	7522.701	8461.748	9640.287	10544.676	11481.151	12689.812	13877.917	14932.502	16063.611	17213.847
289.227	293.937	302.201	318.925	318.834	312.399	334.061	319.008	351.62	366.218	345.382	328.261	340.981	348.523	322.082	347.448	357.559	348.416	322.298	314.567	354.421	396.742	420.177	444.7	432.047	455.925	492.905	511.883	494.553	490.651	469.019	417.922	454.854	495.925	541.543	587.048	633.81	653.299	653.626	715.404	775.401	781.618	804.17	807.818
17.632	19.036	20.129	20.721	22.236	23.262	24.418	24.919	24.953	24.61	24.678	23.706	22.748	22.702	22.322	21.747	22.283	22.931	23.8	24.904	26.215	26.647	27.784	29.081	30.442	31.769	33.343	35.02	35.17	36.052	36.659	37.57	38.589	40.199	41.976	43.99	45.998	48.826	50.465	52.548	55.282	58.114	62.063	65.452
631.992	708.164	807.156	880.14	925.988	1016.645	1063.475	1097.844	1172.127	1278.919	1222.732	1229.826	1187.892	1250.484	1349.845	1457.675	1510.146	1508.595	1558.069	1509.732	1532.559	1525.403	1596.565	1681.735	1756.013	1794.777	1855.711	1861.989	1870.723	1947.658	1979.947	2040.398	2063.665	2182.55	2252.436	2341.644	2483.836	2610.356	2607.063	2803.344	2912.962	2968.758	3058.271	3061.432
110.225	118.683	126.667	133.941	136.952	143.549	149.504	162.157	170.885	177.889	181.915	183.64	186.55	192.809	198.763	210.367	221.667	230.667	238.549	252.963	258.723	271.744	278.172	294.406	309.722	316.09	326.933	328.795	314.973	328.895	334.413	342.787	356.218	375.215	392.875	419.188	448.114	464.008	471.672	490.405	522.721	543.859	570.706	596.687
10.645	11.515	12.403	13.091	13.365	14.103	15.359	16.321	17.127	17.256	16.866	15.637	16.085	17.082	17.26	18.259	19.514	20.259	21.286	22.117	22.686	24.762	26.598	27.856	28.948	29.205	30.834	33.423	36.171	36.823	37.219	38.299	40.752	42.488	44.989	48.939	52.822	54.265	53.714	56.375	58.922	61.967	64.096	66.341
67.575	70.837	73.27	73.991	81.003	85.4	92.838	98.961	100.038	95.187	113.928	124.088	130.803	141.175	143.429	143.566	140.117	145.309	146.298	141.984	126.802	112.118	95.437	96.121	98.483	106.202	109.16	109.33	116.099	122.967	126.88	128.693	133.572	141.28	157.106	176.062	188.848	196.623	199.472	204.236	209.961	216.29	222.1	230.095
0.947	0.971	1.027	1.071	1.072	1.123	1.145	1.172	1.195	1.234	1.225	1.209	1.234	1.272	1.305	1.341	1.367	1.414	1.477	1.539	1.576	1.603	1.623	1.671	1.723	1.782	1.858	1.931	2.022	2.101	2.142	2.143	2.151	2.199	2.244	2.32	2.411	2.456	2.36	2.402	2.432	1.642	1.656	1.685
16.513	18.23	20.581	21.816	22.949	24.493	25.713	26.263	27.454	29.641	30.91	31.435	32.89	33.302	32.595	33.743	37.157	37.958	39.628	37.467	37.821	41.797	44.816	45.848	48.366	51.816	55.963	59.886	63.908	67.523	68.745	72.724	72.54	73.491	80.299	88.867	96.399	99.429	100.36	108.691	111.758	114.696	120.176	128.998
31.576	33.161	37.787	42.022	46.633	50.082	50.886	53.79	55.799	57.868	61.116	61.492	61.285	62.894	65.369	67.633	67.458	71.432	72.15	74.805	78.016	79.665	81.237	84.696	86.604	88.104	91.917	94.919	90.421	91.408	95.079	98.974	101.669	110.017	115.838	120.939	123.588	131.444	132.189	136.849	147.616	155.945	163.046	169.038
20.121	21.352	22.39	23.585	24.274	25.5	27.229	28.678	27.479	24.245	21.711	20.342	20.654	20.93	21.059	21.099	21.629	22.035	22.248	23.322	24.157	25.979	27.893	29.581	31.473	32.01	33.369	34.62	35.814	36.585	37.21	38.081	38.957	39.678	41.092	42.699	44.339	44.904	43.497	44.091	45.068	45.916	46.764	47.677
25.853	27.749	29.631	31.52	32.134	34.508	37.203	39.062	40.903	42.441	42.716	41.208	40.148	40.347	40.101	40.159	41.582	43.2	44.904	46.297	47.99	50.312	52.288	54.397	57.089	58.778	61.343	64.406	66.884	69.298	70.914	73.656	75.52	77.901	80.44	84.768	90.111	93.068	93.558	96.242	100.248	103.225	107.042	111.591
10.372	10.515	10.64	11.313	11.051	11.996	12.053	12.632	13.554	14.581	14.735	14.322	14.108	14.136	14.244	14.282	14.22	14.3	14.138	14.076	14.254	13.933	13.246	11.71	12.869	13.402	13.764	14.065	14.444	14.571	14.419	14.381	14.433	13.926	14.176	14.495	14.98	15.106	15.572	14.716	15.529	15.977	16.655	17.113
7.449	7.878	8.498	8.394	8.573	9.473	10.457	11.503	12.039	12.12	12.427	12.254	12.141	12.668	13.199	13.294	14.096	14.746	15.384	15.399	15.9	16.794	17.84	17.608	18.323	18.982	19.93	20.508	20.12	21.277	21.856	22.677	23.708	25.186	26.709	28.463	30.225	31.504	30.738	31.885	33.108	34.475	35.437	36.53
14.719	17.37	16.417	15.722	15.682	14.632	14.252	14.245	14.094	13.288	13.639	13.921	14.187	13.968	13.557	13.812	14.897	15.489	16.6	17.297	18.134	18.488	20.23	20.509	20.991	20.967	20.728	20.244	20.457	20.636	20.914	21.332	22.114	22.406	22.607	23.262	23.595	23.425	22.388	22.055	22.435	22.299	22.422	22.576
14.025	14.337	15.257	17.422	17.396	18.302	19.833	18.279	13.439	14.058	14.812	14.692	15.369	15.129	14.511	14.363	14.262	12.486	12.274	12.263	12.24	12.287	12.239	12.647	13.395	14.245	14.81	15.359	16.44	17.114	17.621	17.754	18.202	19.168	19.989	20.819	21.92	22.545	21.923	22.623	24.033	25.266	26.406	27.647
11.607	12.139	12.795	13.108	13.316	13.535	13.691	15.025	15.702	15.875	17.336	18.263	17.443	17.916	18.801	19.472	19.12	16.562	16.82	18.183	19.895	21.527	22.701	23.348	23.757	24.425	26.003	27.912	29.006	29.793	29.964	30.632	31.921	34.322	36.79	39.927	44.763	48.858	50.799	53.772	59.564	65.667	71.152	75.536
7.502	8	8.584	9.304	9.941	10.689	11.918	13.352	14.935	16.685	18.215	17.96	17.414	17.904	18.714	19.643	21.132	22.382	23.935	24.922	25.792	26.23	27.525	28.988	30.966	31.454	32.788	32.81	32.362	31.613	31.349	31.343	32.697	34.024	34.75	36.42	38.395	40.836	39.217	44.351	46.277	45.704	52.119	54.58
88.273	90.807	95.688	104.539	108.095	110.215	110.659	110.972	117.404	124.597	131.515	131.222	117.564	121.806	124.317	136.035	149.266	135.173	118.531	112.625	115.124	114.502	120.506	135.338	145.369	149.438	159.116	158.493	160.862	165.197	166.217	175.282	182.582	191.635	203.68	219.015	237.671	259.402	262.124	284.275	302.617	320.624	339.125	347.096
-999	-999	-999	-999	-999	-999	-999	-999	-999	-999	-999	-999	-999	-999	-999	-999	-999	-999	-999	-999	-999	-999	-999	-999	-999	-999	-999	-999	-999	4.529	4.735	4.939	5.236	5.721	5.982	6.212	6.529	6.8	7.005	7.366	7.754	7.992	8.219	8.371
12.506	13.228	13.448	13.96	14.166	15.073	16.448	18.096	18.747	18.547	19.329	20.066	17.996	16.961	16.262	15.728	15.011	14.423	14.304	14.519	14.909	14.663	14.45	14.965	15.557	16.653	17.933	19.388	20.944	22.528	23.467	25.329	28.987	31.292	33.235	37.624	39.413	40.749	38.96	38.924	38.926	39.458	40.145	40.473
22.282	21.988	22.048	22.686	24.07	25.017	25.381	26.745	28.403	30.063	30.531	27.552	24.721	24.439	24.797	26.982	29.139	29.57	29.897	29.985	31.047	33.509	34.4	36.904	36.37	38.399	41.681	43.565	42.72	41.895	40.285	37.17	37.469	39.344	42.279	44.012	46.891	50.256	52.389	56.477	59.393	61.366	64.496	66.752
201.656	204.243	218.764	223.291	229.758	247.513	263.034	269.208	271.265	259.272	258.331	252.981	243.457	246.968	247.445	263.555	272.994	288.886	264.129	281.213	308.575	327.276	328.177	320.466	333.13	332.471	353.653	354.692	333.516	345.812	357.55	325.887	300.613	355.585	392.274	431	468.727	493.467	477.664	470.553	490.205	517.784	524.738	503.749
17.518	17.627	18.239	18.086	18.162	18.497	19.812	21.054	22.073	23.11	22.812	22.449	22.457	23.291	23.737	24.234	26.286	27.851	29.41	30.117	29.841	30.285	30.712	31.899	32.558	33.902	35.465	36.5	37.638	34.418	34.854	35.426	36.399	37.29	38.376	40.17	41.664	41.826	39.507	39.978	40.342	41.787	42.192	40.68
1630.215	1741.767	1893.62	2018.648	2095.65	2226.006	2339.369	2399.286	2531.235	2657.704	2616.861	2606.526	2558.127	2656.706	2743.714	2924.437	3030.902	3044.084	3046.129	3020.296	3116.677	3186.266	3294.616	3444.474	3564.195	3660.796	3829.207	3879.738	3855.247	3979.344	4021.458	4033.399	4112.848	4390.842	4621.685	4897.883	5225.049	5473.452	5466.262	5797.562	6082.554	6250.429	6463.196	6527.917
4.878	4.977	4.824	8.237	9.039	11.184	12.828	13.87	13.715	14.744	13.96	12.905	13.728	14.415	13.729	13.892	15.336	16.41	16.47	17.2	19.132	20.412	23.039	22.981	23.885	24.866	25.635	26.863	28.018	29.503	30.238	31.331	33.219	35.538	37.943	40.398	43.747	46.48	47.66	49.726	50.77	52.592	55.439	57.923
501.616	574.345	617.086	652.883	650.754	769.584	748.239	652.159	573.764	449.833	424.207	522.501	580.43	538.988	549.054	495.33	494.477	464.403	492.881	559.888	631.084	651.897	642.307	631.399	646.559	687.619	696.905	711.401	725.648	768.066	786.439	849.974	923.406	963.451	1004	1061.27	1158.018	1168.714	1195.766	1274.417	1322.203	1234.823	1211.218	1263.826
42.397	43.981	45.924	53.324	59.985	70.287	71.623	83.839	101.336	126.42	125.499	129.808	112.838	111.162	112.778	118.02	129.002	128.977	124.955	197.202	70.9	94.007	122.482	127.203	129.9	144.216	174.845	235.79	277.248	281.147	287.628	267.781	179.144	276.164	288.317	317.604	321.98	348.473	360.249	383.314	412.24	469.692	500.561	489.958
8.839	9.348	8.728	8.728	8.654	10.758	11.458	13.865	15.13	18.006	18.854	20.246	20.649	22.433	23.209	24.836	25.556	25.082	21.708	21.92	22.319	26.487	27.714	29.095	30.893	31.538	32.575	33.551	34.694	36.165	38.072	40.277	41.954	45.547	49.265	53.252	57.606	61.772	65.155	66.678	68.385	70.198	72.184	74.419
141.367	147.588	140.488	127.068	116.902	127.538	127.406	136.782	155.814	123.693	100.295	90.762	95.528	100.53	96.256	104.498	113.009	101.645	127.978	94.401	55.695	83.917	112.441	121.927	127.851	128.624	131.806	136.632	134.188	140.488	141.512	145.757	171.002	189.406	208.49	224.169	237.601	243.493	226.263	220.907	242.177	258.225	261.192	256.955
30.893	34.652	36.282	37.497	30.283	13.028	23.873	23.148	25.326	25.706	25.847	16.338	20.049	28.966	36.005	33.567	39.182	28.129	16.188	20.483	28.308	29.582	31.652	34.185	36.419	38.29	37.414	38.758	38.583	39.101	40.647	42.018	43.379	46.623	47.883	48.65	53.225	58.068	64.049	69.171	70.558	72.11	72.759	74.214
15.543	17.07	14.637	16.32	20.308	24.479	24.726	23.812	24.844	26.343	30.834	34.402	40.135	46.843	53.404	54.473	52.599	55.736	62.289	62.207	65.986	71.538	75.861	78.801	82.739	85.259	90.403	92.792	92.676	97.682	102.06	100.937	98.243	99.512	101.991	107.47	112.255	121.459	128.884	135.074	133.6	143.06	148.657	152.96
34.129	38.532	45.456	41.067	34.579	39.966	35.643	39.018	40.611	40.205	38.639	35.467	33.577	38.945	33.87	35.126	35.442	37.108	39.074	33.352	32.798	36.514	36.03	36.541	37.418	39.055	50.776	56.472	58.891	63.619	66.099	70.847	73.482	87.604	94.168	118.813	140.182	164.943	184.664	220.845	250.383	262.6	274.632	285.557
238.699	287.307	352.447	432.09	436.889	489.07	522.787	517.601	568.034	605.387	634.423	568.273	523.648	506.507	478.631	501.824	482.956	522.674	523.001	566.559	618.138	646.748	646.917	651.222	652.531	674.612	692.102	711.72	706.393	740.755	744.812	745.763	802.883	877.184	940.832	993.3	1052.822	1141.545	1162.426	1217.779	1339.057	1411.158	1448.835	1501.553
17.125	21.411	19.582	24.306	29.052	32.236	31.826	34.603	35.86	40.157	43.975	44.908	45.55	43.695	46.367	44.074	44.915	50.873	46.316	49.855	53.794	61.04	64.202	69.115	73.089	76.305	77.678	82.601	79.666	81.851	86.108	91.188	91.735	98.065	104.145	109.352	115.586	120.76	127.9	132.299	129.256	126.283	123.379	120.541
35.665	41.288	75.483	86.427	91.809	106.982	129.918	127.853	154.604	191.516	200.439	186.971	178.098	185.252	178.593	151.879	157.015	152.903	171.768	203.25	204.998	211.855	214.527	229.321	244.658	258.844	280.044	280.862	289.013	320.379	324.861	332.767	362.052	396.687	415.947	456.865	471.413	486.46	460.955	468.494	492.892	526.87	549.638	574.758
9.51	10.314	11.43	12.207	13.459	15.35	16.894	21.271	22.593	23.587	28.611	30.671	31.684	32.602	33.711	34.823	36.112	38.026	39.243	39.753	42.255	45.723	47.552	50.749	53.626	56.112	59.047	62.594	64.957	68.972	71.596	74.413	77.202	80.269	84.757	87.444	90.364	93.991	97.878	101.125	85.867	87.987	91.644	93.392
1080.661	1230.813	1372.367	1500.154	1501.713	1710.462	1757.221	1687.821	1731.631	1685.597	1685.583	1693.252	1695.914	1670.338	1655.607	1612.342	1625.601	1621.966	1681.871	1866.07	1845.407	1979.72	2044.724	2082.539	2139.568	2245.34	2349.23	2470.036	2529.975	2667.728	2720.072	2793.053	2897.701	3196.05	3377.738	3618.587	3854.799	4056.158	4121.849	4339.829	4597.388	4715.598	4810.138	4946.056
-999	-999	-999	-999	-999	-999	-999	-999	-999	-999	-999	-999	-999	-999	-999	-999	-999	-999	-999	11705.726	11772.956	11829.247	11806.239	12142.56	12485.176	12749.019	13100.536	13491.839	13888.236	14429.392	14762.32	14978.797	15199.938	15610.891	15957.382	16523.377	17067.622	17187.624	16440.547	16771.393	17066.369	16985.296	17025.421	17268.226
11299.286	11897.296	12631.521	12691.756	12681.595	13313.363	13836.327	14483.228	15057.704	15184.692	15498.375	15483.11	15991.262	16791.032	17464.366	17992.681	18606.01	19499.261	20253.602	20825.179	21068.28	21525.484	21801.056	22464.137	23007.955	23628.118	24389.719	25054.562	25853.435	26801.672	27139.121	27492.682	28015.494	28837.386	29539.204	30296.018	30928.553	30858.472	29690.881	30536.064	31022.326	31446.684	31810.06	32347.148
-999	-999	-999	-999	-999	-999	-999	-999	-999	-999	-999	-999	-999	-999	-999	-999	-999	-999	-999	23540.108	23646.189	23728.795	23813.372	24223.51	24694.428	25253.878	26038.239	26615.711	27514.497	28628.84	29059.328	29503.978	30173.531	31150.283	31999.575	32956.994	33816.645	33898.13	32492.811	33464.185	34075.307	34603.636	35009.341	35566.919
-999	-999	-999	-999	-999	-999	-999	-999	-999	-999	-999	-999	-999	-999	-999	-999	-999	-999	-999	37379.006	37867.643	38510.805	39260.321	40533.996	41835.926	43370.085	45116.87	46226.154	47963.618	50194.261	51377.96	52754.797	54665.135	57276.752	59876.858	62947.168	66252.445	67961.027	67579.163	71095.219	74016.208	76257.73	78650.445	81298.841
