141.3526	152.4952	159.3458	161.7085	165.9468	171.0358	176.3172	181.2036	190.2775	191.9292	187.5205	180.1778	179.5063	188.6917	192.9914	196.3233	202.8772	211.2595	217.2131	211.2859	210.7665	215.6694	222.8963	230.7654	233.8295	238.4646	240.9296	239.6853	246.4789	253.62	249.9152	250.6887	263.9537	270.0757	271.558	268.3847	270.1304	272.4562	262.2086	264.8491	271.6775	268.4594	271.6728	279.8797
8.7039	8.8384	8.5005	8.4393	7.6323	8.0817	8.3756	8.6743	9.1735	9.4784	9.6291	8.8296	9.1294	9.6049	9.5827	10.0126	10.3344	11.6978	13.1124	14.0094	14.325	15.4909	15.876	17.0693	18.3418	20.316	22.749	23.5558	25.0279	25.1678	24.6974	25.5676	25.8333	27.5115	28.3639	29.5235	30.6223	30.329	29.5226	30.8476	33.6096	37.2072	38.6945	36.1028
42.9727	47.536	52.5559	55.9351	59.1445	63.29	68.4412	76.533	83.9647	95.1144	101.5582	106.2865	100.0723	104.5603	108.6147	105.6683	111.1343	112.4916	117.5134	123.6809	129.85	130.933	133.1345	136.1307	131.7794	134.6844	141.7275	145.68	149.8851	149.9951	155.2932	156.0578	165.3355	167.1362	178.6293	182.7001	181.5072	179.6609	179.8879	174.7627	183.617	191.7078	192.0976	187.9795
1587.4697	1666.7837	1729.9411	1691.4967	1653.5462	1766.2061	1824.8058	1878.2619	1874.0424	1804.6784	1754.85	1681.6673	1683.0963	1755.3209	1774.0239	1771.2441	1846.7687	1919.257	1947.4728	1915.051	1930.6164	1969.3609	2003.8446	2041.287	2067.3172	2113.2527	2134.5174	2152.6812	2210.8964	2273.3441	2230.7046	2255.9436	2261.1696	2307.768	2318.7709	2296.8249	2337.0017	2277.0805	2164.8203	2215.2236	2190.4177	2156.9759	2182.5831	2216.1866
1780.4989	1875.6532	1950.3432	1917.5796	1886.2698	2008.6136	2077.9398	2144.6728	2157.458	2101.2004	2053.5578	1976.9611	1971.8043	2058.1779	2085.2127	2083.2483	2171.1146	2254.7059	2295.3117	2264.0272	2285.558	2331.4542	2375.7515	2425.2524	2451.2679	2506.7177	2539.9235	2561.6023	2632.2883	2702.1269	2660.6105	2688.2576	2716.2921	2772.4914	2797.3221	2777.4332	2819.2615	2759.5266	2636.4393	2685.6831	2679.3218	2654.3501	2685.048	2720.1487
51.6138	53.1719	57.0559	58.9288	60.3772	61.8252	66.2936	66.4721	67.9814	69.6031	70.0774	73.1199	70.008	72.3062	72.5334	74.0649	77.6174	77.7483	84.0905	86.3751	85.1718	86.7615	90.9415	90.8782	92.6953	98.7619	101.2806	103.9144	106.1814	108.1008	105.7421	109.4512	110.7928	112.675	113.4784	118.1714	122.2236	126.7444	127.1687	127.6325	128.3486	126.7456	126.4737	125.2353
5.7394	5.5289	7.7637	5.8521	7.0232	6.473	6.4546	6.8243	7.594	7.823	7.2819	7.894	7.3641	7.6049	7.5728	9.0376	9.9547	10.8907	11.245	11.4658	11.5041	13.2223	13.861	14.7846	15.5052	15.9445	16.8143	17.2307	16.7686	18.2345	19.1434	18.8086	19.7299	19.215	18.4441	20.3316	20.809	22.8702	21.5127	23.1943	23.1435	24.2674	23.1316	22.6959
267.5285	285.8754	320.3687	322.1408	305.0543	324.4197	330.1918	333.0133	352.7144	344.5227	336.9872	336.4672	336.7728	362.1921	362.8945	366.9739	371.6591	397.5946	412.528	438.6999	443.0481	453.4289	456.3707	481.2201	493.7272	504.0939	509.4175	499.9913	507.9454	518.0055	509.6473	508.7576	504.8928	521.0363	519.139	518.3052	513.6238	494.1227	471.0223	498.6107	461.581	451.4701	454.6765	441.7448
16.9711	18.4701	21.5617	23.4268	24.4615	27.1819	31.5334	34.576	39.9243	41.2573	40.5206	43.0821	46.6545	50.795	53.1333	60.8855	65.7484	74.0176	78.8405	92.9123	99.8678	110.8723	124.372	132.0679	144.7545	157.2812	171.2303	156.3389	172.8875	188.158	191.059	198.7012	202.7516	208.3256	210.288	213.7353	222.2402	227.1124	229.2699	250.0247	260.4989	263.4749	263.8276	268.4131
6.8275	7.6	7.8831	8.716	8.5472	9.1097	9.5325	9.4629	8.8123	8.9848	8.9059	9.5092	9.8435	10.4913	11.1971	11.2455	11.3064	11.852	12.6908	12.8343	13.1549	13.4504	14.174	14.6798	14.8908	15.4178	16.1036	15.8813	16.5213	17.0905	17.1038	17.1261	16.9046	17.3296	16.9289	16.9364	17.1254	17.3916	17.5255	18.3821	18.3121	19.2097	19.3689	20.5637
348.6803	370.6464	414.6332	419.0644	405.4634	429.0095	444.0058	450.3485	477.0265	472.1909	463.7731	470.0724	470.6428	503.3896	507.3311	522.2074	536.2858	572.1032	599.3948	642.2874	652.7467	677.7354	699.7193	733.6306	761.5731	791.4992	814.8462	793.3567	820.3043	849.5892	842.6955	852.8448	855.0717	878.5813	878.2785	887.4799	896.022	888.2412	866.4991	917.8442	891.884	885.1677	887.4783	878.6529
18.8151	19.821	21.4759	20.7487	20.1208	21.6902	21.1721	21.8779	23.697	23.1542	21.9266	21.4365	21.5016	22.3341	23.0853	23.1756	24.0474	24.3076	23.9177	24.8771	26.4843	25.4477	25.739	25.6693	26.8143	28.4966	28.2898	28.7692	28.7069	28.6053	30.2266	30.4985	32.2715	32.7497	33.6154	33.7262	33.3445	33.5535	31.6892	33.8818	32.9112	32.7654	33.2328	32.1627
39.6595	43.4468	45.9886	45.1241	42.3188	45.3821	45.1167	47.4912	49.0132	46.7665	43.5309	41.4779	40.9621	42.7221	44.1067	45.6989	46.6634	47.2403	47.6903	47.9418	50.0825	50.6343	49.4368	52.4614	53.3974	56.2319	56.2357	57.1691	57.398	58.118	57.9568	55.7011	58.0029	58.2853	58.2152	57.7025	56.709	58.4193	56.1049	60.3558	56.2103	53.8185	55.7687	52.7747
45.3842	45.5271	45.1592	41.8984	43.6842	44.9434	48.0455	45.3705	48.4053	46.9595	47.0524	47.7949	47.9706	48.9752	49.2488	50.0557	51.5116	50.4946	49.1011	49.5685	44.8344	43.5716	42.243	40.9553	41.5135	42.8386	43.1216	41.7684	38.9027	40.8976	42.002	42.4544	44.4211	45.4817	44.9383	45.9882	46.0251	44.9727	42.1386	44.3895	42.7963	42.6116	41.9519	41.2079
18.5052	19.2605	18.9915	17.6061	17.4728	18.9997	19.4892	19.8792	20.5697	19.1352	17.3183	17.5151	16.5353	17.1416	19.2996	19.5784	19.5844	18.6823	17.5238	17.3598	19.2504	18.4199	18.9152	19.5782	19.3972	21.9483	20.3375	20.0081	19.1727	18.6332	19.2056	19.0044	20.0952	19.441	18.901	20.2711	19.7846	19.236	18.3875	19.4768	17.994	17.2868	17.5486	16.2113
-999	-999	-999	-999	-999	-999	-999	-999	-999	-999	-999	-999	-999	-999	-999	-999	-999	-999	-999	9.7802	9.1202	6.5665	5.4375	5.4879	5.207	5.7237	5.6134	5.1221	4.8141	4.7144	4.916	4.7116	5.206	5.3049	5.211	5.0843	5.6894	5.4893	4.8696	5.6225	5.6253	5.5214	6.0935	6.0372
18.1681	19.4316	21.0326	20.5628	19.7024	21.0758	21.4021	22.1683	23.6497	24.5986	23.6858	23.1958	23.4236	23.9722	25.8341	26.9642	29.3989	27.653	28.5632	28.3806	28.7928	27.1309	28.4593	30.3903	28.9198	31.1072	32.2625	32.5666	32.4596	32.4144	33.2584	34.9926	36.8926	37.3022	34.425	37.4529	36.8883	35.436	33.4656	36.6252	35.2266	33.9768	33.266	33.9343
158.571	167.3938	180.1353	174.3533	164.9619	176.0929	172.8159	184.2754	191.9846	191.7702	187.3081	182.7727	187.5414	194.2806	203.8235	206.99	212.1482	211.2361	219.9352	224.011	236.7611	232.6979	236.5395	227.5858	237.0573	250.4804	242.8116	249.871	249.4598	251.9023	260.524	261.1562	265.8448	269.74	270.8598	266.5	263.4605	264.6189	253.2283	261.2056	251.3784	251.9141	253.0082	242.6417
305.0493	316.1181	334.6963	328.368	313.5121	337.9912	338.9078	350.1544	366.0451	357.1757	344.9556	333.5329	333.4553	346.2622	357.2058	356.671	359.34	361.7453	355.5388	351.2024	344.2911	337.8964	334.583	332.985	336.4882	347.8557	344.8215	342.7353	334.9635	336.5789	346.6764	338.8958	337.1111	339.5041	337.0116	346.3645	327.8983	331.4646	310.4508	326.8689	310.6494	311.8067	317.7057	306.0703
8.6901	10.0867	11.8111	11.2594	11.7443	12.7357	13.6793	14.3849	15.2574	14.9823	14.6454	15.0492	15.7454	16.3551	17.5516	16.6833	17.9194	19.0995	21.1185	21.4406	21.6163	22.1489	21.8702	22.4793	22.6784	23.4041	24.3305	25.6198	25.7214	27.0863	28.0038	28.3207	29.1392	29.7045	30.2486	30.2248	30.2149	30.4141	29.4298	27.6044	26.738	26.5437	23.3341	23.1344
19.0384	19.5548	21.2748	22.0261	22.9072	24.4954	25.8623	28.5718	28.2397	28.3449	28.1726	28.1637	27.7327	28.7761	29.7552	29.6347	30.7221	30.3481	30.1339	28.7825	27.4161	25.1268	25.7017	24.8932	25.8542	26.5306	26.0072	25.6891	25.4987	24.9979	25.5981	25.6012	26.1363	26.0693	27.5482	27.3262	26.7286	26.4672	24.8371	25.6895	24.9325	23.4671	22.4766	22.8359
0.9024	0.921	1.1187	1.1045	1.1055	1.1196	1.2427	1.2766	1.4707	1.4968	1.6566	1.6548	1.7191	1.8038	1.7707	1.8495	1.9318	1.9686	2.0185	2.2699	2.0764	2.0246	2.1756	2.2062	2.2082	2.3793	2.3274	2.4765	2.7844	3.119	3.0177	3.1066	3.1069	3.0739	3.1231	3.8684	4.5944	5.1909	5.3862	5.4141	5.7925	5.6542	5.8854	5.8655
6.7181	6.6644	6.9078	7.1161	6.647	6.8329	7.2334	7.2532	8.5502	8.2356	8.2629	8.2157	8.2014	8.2877	8.6274	8.8616	9.2353	9.1396	9.3226	9.9108	9.9943	9.8754	10.0626	10.5615	10.653	11.3575	11.9613	12.6884	13.3084	13.8004	14.3573	14.3961	14.0481	14.4823	14.5749	14.6335	15.0269	14.788	14.2845	14.3736	13.1237	13.1228	13.016	12.7695
105.3973	111.5219	119.1165	121.9166	116.7631	126.1493	123.3358	126.2124	131.7859	130.8379	128.0289	124.7658	124.6595	127.508	129.3045	130.8247	136.2554	139.4664	145.426	146.5562	150.1645	149.2253	148.4442	146.5688	159.1286	158.9901	161.2502	165.7664	168.3193	171.5207	172.0972	173.3034	181.5985	182.8586	186.353	184.6536	184.0559	181.6314	169.599	173.7177	167.9491	161.3108	155.3718	146.7744
4.0622	4.1625	4.4327	4.6241	3.7708	3.8485	3.7142	4.0168	3.7948	3.5594	3.1139	2.9453	2.77	2.9692	3.0609	3.0071	2.9448	3.0468	3.2807	3.3886	3.6198	3.6324	3.6834	3.5551	3.1486	3.1942	3.1081	3.0013	3.1283	3.3494	3.5246	3.6607	3.8612	4.3003	4.3859	4.3343	4.2114	4.2084	3.9582	4.2227	4.176	4.1001	3.9731	3.817
50.8678	58.3931	61.9992	60.9719	59.0212	65.33	63.188	65.0046	68.3472	64.365	60.8272	54.1752	56.5482	59.8273	60.6392	62.9131	64.3454	63.7799	64.2046	65.705	69.3773	68.3673	68.9685	69.4042	73.9004	77.8853	75.4891	76.0613	74.7948	75.4721	77.6549	78.698	81.4572	82.8073	81.4275	80.5064	80.4161	79.7285	78.0582	83.4977	77.4008	77.8478	77.3035	72.95
13.3262	13.779	14.2903	14.2696	14.6334	15.9526	16.4158	17.6977	18.1927	18.3522	18.1	17.5388	18.2798	19.3431	19.9957	20.9371	21.1376	20.2778	21.0677	21.0669	21.7566	22.1163	23.5418	23.0502	23.5022	22.7919	24.1191	25.1919	26.3846	26.1647	26.8751	24.9649	27.0843	26.4922	26.8276	27.1893	27.6061	32.1983	31.31	33.905	27.9835	29.6404	32.5908	28.7462
86.123	89.0435	92.8775	97.0665	103.0466	108.4953	112.8019	121.9742	125.6678	126.62	116.5016	123.6365	122.5492	118.5249	124.699	129.7571	133.1747	132.2717	123.7251	103.1129	101.0093	98.563	100.9477	96.2091	99.4798	103.5173	102.1558	95.1058	92.6568	88.7744	89.3646	88.4728	90.7361	90.9904	92.1376	96.7636	96.3462	97.784	94.1018	100.4421	100.9972	97.6919	97.5986	94.0185
6.2758	6.4321	6.8964	7.2168	7.6873	8.1615	7.9935	8.7627	9.6435	9.9857	9.9153	11.0933	11.132	11.1547	10.9644	12.1243	12.4492	13.0213	15.7654	16.7814	16.9654	18.0527	17.8014	18.2615	20.1929	19.9954	21.0619	22.7595	24.4257	24.5939	24.7796	25.8145	25.1092	25.8216	26.4579	25.1517	25.3287	24.6773	24.3495	23.5001	22.8464	21.4399	21.5197	21.1611
14.2584	14.8219	15.518	16.2452	16.7759	17.3919	18.2999	19.2141	19.5941	19.8388	19.4251	18.9803	19.1845	20.1607	20.7253	20.6698	21.2819	21.5597	21.5452	21.3275	19.1268	18.094	17.7588	17.4324	17.7753	18.0774	18.098	17.5542	17.6526	17.7429	18.5932	18.7324	18.6391	18.353	18.8289	18.6407	17.8462	18.32	16.7339	17.8284	17.3501	16.6593	16.9489	15.9481
-999	-999	-999	-999	-999	-999	-999	-999	-999	-999	-999	-999	-999	-999	-999	5.854	5.8151	5.7543	5.8533	5.7099	5.5563	5.1596	5.4084	5.626	6.0679	6.3242	6.5743	6.4478	6.43	6.413	6.7354	6.8302	6.9123	7.1317	7.2934	7.323	7.331	7.755	7.1312	7.332	7.3245	7.0438	6.8617	6.6731
42.6062	44.8339	51.572	55.8943	57.4895	61.7193	60.6524	64.7862	65.7838	67.6937	68.7246	66.8706	68.0015	69.5092	70.9067	72.3762	74.1498	80.0817	88.1007	90.0741	93.4302	95.1678	91.2781	96.3421	100.7828	99.2994	105.5372	110.8648	116.2327	121.8562	125.0383	128.7638	133.196	139.0027	141.9337	141.8086	143.8227	139.0727	127.8547	127.7547	125.7231	125.5093	117.1145	114.5587
36.0407	36.7714	38.8412	36.805	39.0329	42.3551	41.7102	41.5165	43.3728	40.485	42.4109	40.609	41.156	43.4859	47.2314	49.2046	48.3971	49.3914	47.5143	47.1982	48.6928	46.5421	46.5063	49.7014	50.3327	51.4997	50.1749	51.0674	50.1488	47.5558	50.5315	51.7836	50.6179	52.5883	51.569	50.2068	50.0596	49.6013	45.4065	50.9038	49.8412	50.1622	49.4087	48.1551
16.3889	17.0781	18.9095	17.6514	17.1826	17.7794	18.0759	18.8139	19.1486	20.0362	19.6552	19.0731	20.3687	20.8676	22.0794	23.054	22.4553	22.6606	22.1946	24.3618	24.7328	24.8426	24.2207	24.4394	24.0908	24.562	24.9947	25.2973	25.3424	25.0054	26.5574	25.8881	25.9952	26.0897	25.9423	27.0855	25.7555	26.7653	26.9629	26.1948	25.3618	25.6126	26.7281	25.0567
19.5437	22.0726	24.3549	25.2034	26.7563	29.1168	31.9315	31.8017	30.2484	31.4493	31.7074	33.7009	35.6794	37.1124	39.3209	42.3555	46.9718	47.2861	49.1024	52.7173	51.9755	53.6266	56.8881	56.2107	61.5686	66.9213	70.4081	71.7484	70.4527	75.9569	70.2382	74.2235	77.8784	80.7258	84.2115	93.1522	100.0005	98.7111	97.7909	106.6583	113.5059	118.2231	116.9374	121.5411
208.6764	210.2085	218.0713	210.01	199.3664	203.3173	207.6565	206.5466	217.0556	198.4315	192.4013	191.3043	190.287	190.172	200.7978	203.9365	205.571	207.3903	206.9772	205.9225	212.9288	212.1679	214.3199	215.9851	216.3508	225.6775	219.3133	221.4971	222.0588	222.9525	223.7637	218.8318	222.5815	221.624	222.6606	218.9762	211.0499	207.7939	195.8953	202.774	188.0149	193.8308	191.5961	179.4207
1243.068	1297.3444	1375.4713	1358.0426	1325.7027	1410.976	1420.7425	1469.0508	1529.5179	1494.2743	1449.3267	1425.5021	1435.4045	1471.5459	1530.0338	1557.3229	1591.6364	1602.1489	1613.7674	1619.4477	1640.0561	1617.0986	1620.9307	1618.0395	1666.5097	1727.0897	1720.4045	1736.8468	1731.2177	1748.2257	1781.4962	1778.8072	1817.9427	1839.9246	1848.7009	1864.9345	1840.1941	1838.2978	1743.4244	1820.2388	1751.8528	1747.5614	1737.2403	1674.4661
1.7178	1.9416	1.7518	1.8259	1.9887	2.1904	2.3218	2.594	2.2623	3.0716	2.6966	2.6915	2.8443	2.9575	2.7174	2.9136	2.8428	2.9153	2.8937	2.6728	1.8712	1.3582	1.3309	1.4153	1.3294	1.4188	1.2108	1.3349	1.7912	1.7932	1.8277	2.0138	1.9702	2.1655	2.167	2.1153	2.0192	2.0948	2.1439	2.124	2.2224	1.9952	2.3199	2.3357
-999	-999	-999	-999	-999	-999	-999	-999	-999	-999	-999	-999	-999	-999	-999	-999	-999	-999	-999	7.7081	8.1249	4.1306	2.1925	1.3786	1.6446	1.7811	1.8618	1.8963	1.8335	2.0146	2.0057	1.8764	1.9812	2.0948	2.5123	2.5586	2.8528	3.0041	2.61	2.4832	2.7156	2.9706	2.9004	2.9587
-999	-999	-999	-999	-999	-999	-999	-999	-999	-999	-999	-999	-999	-999	-999	-999	-999	-999	-999	22.6618	22.4519	18.1937	16.3038	14.7966	13.9034	11.7506	11.3209	11.752	10.9293	11.2957	11.4446	11.5595	12.1584	12.7856	13.4266	13.2322	12.113	13.3231	11.9371	11.5855	12.5612	13.6917	13.8804	14.3224
-999	-999	-999	-999	-999	-999	-999	-999	-999	-999	-999	-999	-999	-999	-999	-999	-999	-999	-999	45.4977	44.3283	36.9894	31.5023	26.7512	24.7477	25.4137	25.3492	24.8318	24.1802	24.5739	24.6781	25.1582	25.8995	26.7847	26.7577	28.4822	27.898	27.937	26.5252	27.5231	29.3446	30.4989	27.2763	27.7463
-999	-999	-999	-999	-999	-999	-999	-999	-999	-999	-999	-999	-999	-999	-999	-999	-999	-999	-999	7.0176	6.3166	4.4489	3.7065	1.4351	1.4942	1.7452	2.6944	3.3488	3.3139	4.3462	4.2001	4.4062	4.399	4.8092	5.04	5.3	5.3041	5.9615	6.2175	6.4813	7.1456	6.684	6.454	7.824
19.025	19.4061	20.5028	21.3779	23.2448	24.3518	26.0099	27.1865	28.2474	28.3889	28.3227	29.5097	30.1281	30.3523	30.643	30.9141	30.602	31.3299	30.4209	28.2242	21.8972	20.4623	21.9434	21.2767	23.0887	22.9619	20.8144	20.0305	18.3151	18.6065	19.3913	18.8952	19.3638	18.8345	19.8972	20.4579	20.1167	19.8468	17.5068	17.873	19.2315	18.3623	16.9213	17.8984
-999	-999	-999	-999	-999	-999	-999	-999	-999	-999	-999	-999	-999	-999	-999	-999	-999	-999	-999	9.4649	8.17	7.4795	7.7304	7.5787	7.8178	8.0697	8.5344	8.817	8.711	8.3861	8.7048	8.9554	9.6073	9.6031	9.7473	9.6931	10.0792	9.8264	9.502	9.3874	9.1624	8.6237	8.4427	8.0438
0.5872	0.7465	0.782	0.594	0.5648	0.6565	0.715	0.7564	0.8216	0.8646	0.8491	0.8631	0.8957	0.926	0.9196	1.0403	1.1831	1.2095	1.2587	1.3651	1.3931	1.5682	1.6837	1.9239	1.6949	1.8845	1.8465	1.9762	1.9867	2.1369	2.1142	2.1431	2.3317	2.1841	2.2193	2.3084	2.4383	2.5834	2.5254	2.4426	2.3681	2.2267	1.9307	1.9729
-999	-999	-999	-999	-999	-999	-999	-999	-999	-999	-999	-999	-999	-999	-999	-999	-999	-999	-999	2.4772	2.4275	2.701	2.773	2.4735	2.4997	2.9545	2.6867	2.889	2.7101	2.6677	2.5766	2.5273	2.7897	2.7464	2.8007	2.9324	3.0253	3.0206	2.8153	2.8794	3.1213	2.9613	2.7006	2.623
-999	-999	-999	-999	-999	-999	-999	-999	-999	-999	-999	-999	-999	-999	-999	-999	-999	-999	-999	12.4144	10.0541	8.6591	7.604	4.6848	3.7254	3.7462	3.2878	3.0394	2.7825	2.8692	2.5704	2.5439	2.7053	2.7805	2.8405	3.0315	3.3413	3.0046	3.0955	3.1223	3.5444	3.7055	3.8974	4.3899
0.0295	0.0245	0.0284	0.0284	0.0313	0.0273	0.0263	0.0253	0.0343	0.0325	0.0268	0.0317	0.0333	0.0323	0.0363	0.0435	0.0496	0.0576	0.0554	0.0575	0.0757	0.0918	0.0927	0.1069	0.1049	0.1068	0.1109	0.1169	0.1219	0.1278	0.1309	0.1329	0.1358	0.1461	0.151	0.157	0.1569	0.1597	0.172	0.173	0.1679	0.1719	0.1838	0.196
-999	-999	-999	-999	-999	-999	-999	-999	-999	-999	-999	-999	-999	-999	-999	-999	-999	-999	-999	73.4492	74.9468	78.8443	65.6233	58.1381	52.2432	45.3526	39.4946	39.3373	35.9215	35.6791	34.5389	39.7366	43.1034	50.79	50.8784	61.4281	66.0864	69.8617	63.4747	69.1207	77.3357	73.8675	81.5422	76.6673
-999	-999	-999	-999	-999	-999	-999	-999	-999	-999	-999	-999	-999	-999	-999	-999	-999	-999	-999	-999	-999	-999	-999	-999	-999	-999	-999	-999	-999	1.5446	1.9017	1.8936	1.9935	2.0047	1.9458	1.9662	2.0447	2.2152	2.4343	2.4949	2.5279	2.368	2.3575	2.2104
-999	-999	-999	-999	-999	-999	-999	-999	-999	-999	-999	-999	-999	-999	-999	-999	-999	-999	-999	7.4862	6.7874	4.9793	3.8703	2.7942	2.3842	2.7572	2.5933	2.7608	2.4125	2.3188	2.1555	2.4219	2.5784	2.5415	2.5738	2.5331	2.9536	3.159	2.8845	2.7534	3.3103	4.1338	3.9483	3.7954
-999	-999	-999	-999	-999	-999	-999	-999	-999	-999	-999	-999	-999	-999	-999	-999	-999	-999	-999	7.8544	7.3996	6.1055	5.2769	4.7742	4.5963	4.5212	4.4311	4.3288	3.9776	3.8318	4.1115	4.0734	4.3241	4.4382	4.5281	4.689	4.7963	4.5862	4.4029	4.5069	4.2567	4.4157	4.3396	4.3402
-999	-999	-999	-999	-999	-999	-999	-999	-999	-999	-999	-999	-999	-999	-999	-999	-999	-999	-999	16.064	17.0453	11.0205	9.1042	8.1204	8.7139	9.4004	8.9033	9.3463	7.9636	7.1307	8.277	8.8637	9.2527	9.3856	8.8472	8.7176	9.4588	9.5177	8.7639	7.0487	7.3053	7.3768	6.9702	7.0004
0.2107	0.264	0.2552	0.2342	0.2093	0.2379	0.2526	0.2948	0.2844	0.3183	0.3603	0.4093	0.3124	0.4117	0.3445	0.5741	0.6031	0.65	0.6956	0.6948	0.6718	0.6643	0.8499	0.7707	0.7092	0.6978	0.7837	0.6908	0.7532	0.6755	0.7866	0.7333	0.8257	0.8293	0.8808	0.8332	0.8771	0.8366	0.7784	0.8341	0.8298	0.878	0.7681	0.7742
-999	-999	-999	-999	-999	-999	-999	-999	-999	-999	-999	-999	-999	-999	-999	-999	-999	-999	-999	9.8925	8.2508	6.8459	6.0967	5.0898	4.7181	4.0549	3.8707	3.5732	3.1156	2.8829	3.0521	3.0956	3.3601	3.3768	3.4972	3.4504	3.3573	3.3449	3.1771	3.5073	3.452	3.4155	3.0698	3.3015
-999	-999	-999	-999	-999	-999	-999	-999	-999	-999	-999	-999	-999	-999	-999	-999	-999	-999	-999	-999	-999	-999	-999	-999	-999	-999	-999	-999	-999	-999	-999	-999	-999	-999	1.0725	1.1769	1.1874	1.2759	1.0179	1.1759	1.1258	1.0623	0.9818	0.9565
42.1279	44.0353	47.8348	48.0647	51.8016	55.9134	59.5125	64.1268	63.6722	65.2272	64.7529	64.7708	65.2888	64.7267	64.9393	66.6845	69.4809	69.9497	69.1846	62.2547	51.3341	46.7958	45.6111	43.0211	46.5922	47.721	44.8823	41.0412	36.265	36.2277	36.8218	38.1398	39.5302	38.6874	38.5956	39.9406	39.7632	39.6169	34.8799	35.0289	35.8043	34.9355	31.8938	31.6885
-999	-999	-999	-999	-999	-999	-999	-999	-999	-999	-999	-999	-999	-999	-999	-999	-999	-999	-999	879.173	871.1088	795.6463	751.1813	656.9526	636.635	630.0675	601.9693	587.9511	608.9909	619.2658	626.003	623.1024	645.3216	647.3935	651.7058	670.6726	672.5899	688.4644	647.0013	688.3974	721.8706	739.9248	728.8184	710.8827
-999	-999	-999	-999	-999	-999	-999	-999	-999	-999	-999	-999	-999	-999	-999	-999	-999	-999	-999	19.7144	16.7228	15.447	13.2041	12.1069	13.7917	16.5748	17.4712	17.4284	12.7201	13.7275	14.9653	15.891	16.6352	18.0937	16.0689	17.052	16.5949	16.832	15.1557	15.6114	16.186	14.545	14.9084	13.2588
-999	-999	-999	-999	-999	-999	-999	-999	-999	-999	-999	-999	-999	-999	-999	-999	-999	-999	-999	5.3078	5.0707	4.1432	3.2441	2.4881	2.2251	2.1482	2.141	2.2508	2.2384	2.1487	2.1208	2.1274	2.168	2.3446	2.3401	2.4129	2.5788	2.4538	2.1323	2.176	2.1822	2.3468	2.6012	2.8047
-999	-999	-999	-999	-999	-999	-999	-999	-999	-999	-999	-999	-999	-999	-999	-999	-999	-999	-999	17.5175	15.2002	10.3828	10.4952	13.3046	13.6915	11.9613	11.9766	12.526	14.831	14.8796	15.1618	15.8196	17.6378	18.4148	19.1753	19.6387	22.378	22.6426	19.883	22.6851	24.6794	25.5375	26.2048	26.749
-999	-999	-999	-999	-999	-999	-999	-999	-999	-999	-999	-999	-999	-999	-999	-999	-999	-999	-999	252.018	252.3324	219.5329	194.5545	165.7702	163.6965	149.9688	143.4954	135.6963	135.0614	133.7939	134.096	135.6013	144.6407	143.8495	142.8786	137.3357	139.3518	134.6419	114.5362	132.4285	126.5567	122.5119	116.1402	105.6832
-999	-999	-999	-999	-999	-999	-999	-999	-999	-999	-999	-999	-999	-999	-999	-999	-999	-999	-999	46.3683	48.0812	45.268	47.0916	46.5923	42.7456	44.2023	44.9582	49.9677	51.3109	50.8682	51.1876	53.3064	51.5384	50.801	47.085	48.1013	47.769	49.7815	44.2055	43.2098	47.3482	48.413	42.9647	43.6767
768.3346	810.1944	848.6299	891.0961	939.8877	976.1128	1011.8866	1050.2943	1085.551	1109.507	1125.3312	1151.7056	1168.7948	1207.3216	1247.9337	1271.2979	1324.9434	1362.9085	1351.5816	-999	-999	-999	-999	-999	-999	-999	-999	-999	-999	-999	-999	-999	-999	-999	-999	-999	-999	-999	-999	-999	-999	-999	-999	-999
21.9142	21.62	23.2349	25.4082	25.5074	26.9843	28.6255	30.1709	33.5973	33.7112	33.3552	35.3804	38.0287	40.4394	41.1283	43.2047	43.8048	44.4892	43.7973	-999	-999	-999	-999	-999	-999	-999	-999	-999	-999	-999	-999	-999	-999	-999	-999	-999	-999	-999	-999	-999	-999	-999	-999	-999
853.9469	898.2325	943.0198	988.6293	1043.2354	1086.4745	1129.3503	1175.4489	1214.4704	1241.1212	1255.6949	1285.362	1306.3261	1347.1674	1388.6621	1416.6728	1473.5096	1513.5096	1499.8877	1537.356	1502.0624	1351.7583	1253.0665	1103.7445	1074.7931	1051.261	1006.6885	986.9318	992.2369	1003.7927	1014.824	1025.018	1066.2517	1077.8851	1079.6326	1110.217	1121.132	1139.9923	1049.7781	1117.0537	1166.3558	1177.6238	1154.4166	1124.1006
3.4645	4.0206	4.8224	5.1864	5.5206	6.3006	7.0523	8.6832	11.0002	11.2053	12.1823	15.8687	17.1491	16.997	17.7442	20.0436	19.7933	20.8956	20.7191	22.1851	23.4667	24.021	24.1067	23.2362	24.244	23.4746	24.0549	24.8949	26.5749	26.9946	27.0496	28.9339	30.7496	31.1317	32.4189	34.7148	36.8383	37.2731	40.7634	40.0867	41.8176	45.9653	47.5796	51.6726
3.8507	4.1456	4.1307	4.2198	4.1209	4.0726	4.0151	4.417	4.4782	4.5631	4.5932	4.5307	4.6567	4.7048	4.9902	5.0477	5.1696	5.3795	5.4994	5.8832	6.024	6.0576	6.2737	6.3594	6.3544	6.5387	6.6811	6.6643	6.9999	7.1902	7.5066	7.8533	8.4744	8.7189	8.4259	9.2447	9.8609	10.6738	11.5997	12.1677	12.6379	13.8687	13.8862	14.6727
1.105	1.1574	1.1823	1.2081	1.2436	1.2058	1.2485	1.2975	1.3196	1.3526	1.3503	1.397	1.436	1.4713	1.5427	1.5573	1.5789	1.6197	1.6291	1.6613	1.6867	1.7283	1.7689	1.8074	1.847	2.1508	2.2315	2.2012	2.2962	1.9827	2.1085	2.2619	2.3855	2.4905	2.4993	2.949	3.2063	3.2775	3.4388	3.6534	3.7538	3.8886	4.0643	4.2875
-999	-999	-999	-999	-999	-999	-999	-999	-999	-999	0.7547	0.791	0.7985	0.8149	0.8608	0.9428	0.9376	1.1034	1.1791	1.2183	1.2408	1.4299	1.4342	1.4132	1.4473	1.412	1.4815	1.6724	1.7271	1.7953	1.8164	1.8451	1.8391	1.8086	1.8664	1.9289	1.9935	2.1096	1.9677	2.1538	2.0693	2.3468	2.4819	2.7165
2.6952	2.7549	2.8157	2.893	3.0356	3.0806	3.2966	3.4053	3.5336	3.6555	3.8374	4.0137	4.1561	4.2913	4.4577	4.5238	4.6082	4.7547	4.93	4.9809	5.0292	5.0839	5.2599	5.4424	5.5375	5.6743	5.8358	6.0041	6.0506	6.3097	6.3841	6.5354	6.801	7.0128	7.0545	6.723	6.3397	6.3952	6.914	6.9668	6.7143	6.9242	7.2764	7.603
0.5085	0.5267	0.5326	0.543	0.553	0.6058	0.5764	0.5987	0.5982	0.6198	0.6389	0.6775	0.7589	0.7343	0.7645	0.7522	0.7645	0.7441	0.7725	0.7873	0.822	0.8121	0.8171	0.7047	0.8046	0.7582	0.7256	0.7262	0.7149	0.7099	0.7957	0.8016	0.9459	1.0045	1.0868	1.4186	1.2599	1.3482	1.5395	1.6769	2.2327	2.5589	2.6251	2.6281
2.4549	2.6051	2.6911	2.8092	2.96	3.1909	3.2534	3.479	3.5192	3.5739	3.5592	3.5418	3.4555	3.5202	3.6972	4.1028	4.1941	4.2688	4.4181	4.3451	4.47	4.8751	5.0487	5.1734	5.154	5.7892	5.9071	5.8921	7.025	6.7899	6.5301	6.9798	6.5984	9.299	9.6184	9.4586	10.1804	10.2323	9.3769	10.1628	11.6513	12.6326	13.5297	13.8749
6.6789	6.8515	7.0908	7.2841	7.4709	7.5866	7.8245	8.0427	8.3943	8.4661	8.8807	8.8936	9.4728	9.9545	9.953	10.1518	10.5643	10.9547	11.234	11.7983	11.8126	12.0286	12.2693	12.3137	12.8357	13.272	13.5053	13.8359	13.8926	13.9068	14.3737	14.8732	15.4278	16.0429	16.6635	17.2946	17.924	18.5858	19.1435	19.8482	21.079	26.1531	27.4852	28.72
7.7993	8.6014	8.008	8.9688	9.792	11.4056	12.4535	12.8356	14.1222	15.095	17.5898	19.2634	21.3748	23.7015	25.6555	26.3536	28.08	28.7537	30.66	32.2509	32.269	33.1121	34.3357	33.0324	35.1281	37.2845	38.8313	41.6081	42.5372	40.5878	45.5811	47.0194	48.8117	52.7621	61.4761	64.9573	69.5788	72.2773	73.9534	72.5437	76.1321	78.2628	75.0228	74.8261
-999	-999	-999	-999	-999	-999	-999	-999	-999	-999	-999	-999	-999	-999	-999	-999	-999	-999	-999	-999	-999	0.8773	0.9211	0.9501	0.9977	1.0473	1.0407	0.6765	0.7015	0.7079	0.7417	0.7484	0.8015	0.7436	0.762	0.6942	0.7169	0.6745	0.7218	0.7408	0.7596	0.7823	0.7976	0.8143
13.9108	14.28	14.7175	15.0953	15.37	15.6396	15.8502	16.1014	16.3667	16.6965	17.124	17.5582	18.1167	18.6501	19.2494	19.94	20.7029	21.37	22.1145	22.9336	23.7199	24.2979	25.3143	26.2969	27.2705	28.1996	29.0072	29.8961	30.7348	31.6881	32.8805	33.8568	34.9338	35.9787	36.8681	37.9841	39.1752	40.3604	41.4861	42.6535	44.0943	45.3615	46.9437	48.3732
1.0705	1.0468	1.4422	1.5735	1.2986	1.2456	1.3582	1.5414	1.3645	1.3741	1.5419	1.5873	1.6326	1.5187	1.3599	1.3589	1.2894	1.3634	1.2697	1.1814	1.22	1.3041	1.3798	1.2231	1.3412	1.3966	1.4138	1.5039	1.4639	1.4706	1.5787	1.9057	2.2404	2.6001	3.0037	3.3786	3.7631	4.1355	4.5242	5.0821	4.0923	3.6265	5.2947	5.0753
2.9964	3.1695	3.3648	3.5332	3.6597	3.6625	3.8876	3.8783	3.9094	4.0235	4.2095	4.3277	3.6715	3.9241	4.3522	4.5257	4.9049	4.7996	5.175	5.291	5.4751	5.6707	5.9417	6.1827	6.4713	6.6948	6.9964	7.3949	7.6802	6.2764	6.3166	6.2785	5.9407	5.9372	5.8852	6.2699	6.2704	6.2708	6.7915	7.4069	7.9065	8.557	8.9526	9.0338
5.2918	5.5338	5.6817	5.8977	6.0433	6.3394	6.6547	6.8578	7.1076	7.3746	7.5852	7.7283	7.8665	8.3251	8.6883	9.4676	9.862	10.113	10.4864	10.7119	10.913	11.2002	11.4795	11.606	12.1606	12.6049	12.755	13.2317	13.522	13.9994	14.19	14.3788	14.6939	15.4481	16.0024	16.6848	17.0486	17.6493	18.6901	19.5196	19.9253	20.169	21.3323	23.6301
1.5702	2.1976	2.5981	2.8978	3.6648	3.3244	4.133	4.685	5.251	7.0489	7.6127	8.2732	8.4477	9.0667	10.1325	10.085	11.0088	10.5818	11.4889	11.1675	11.3293	11.2723	11.6997	13.2104	13.9863	14.8568	15.1023	15.2855	15.0833	15.8277	16.3072	16.9593	17.4491	17.9381	17.773	17.9692	16.7082	17.7984	19.2986	20.784	13.687	17.2482	19.415	17.8687
0.3644	0.371	0.3797	0.3946	0.4003	0.417	0.4372	0.4446	0.4445	0.4311	0.4265	0.4115	0.4271	0.4372	0.4421	0.5047	0.5305	0.5362	0.5899	0.6664	0.679	0.7133	0.7449	0.7318	0.7824	0.7963	0.8182	0.8708	0.9113	1.0103	1.0608	1.0519	1.103	1.1231	1.1616	1.242	1.249	1.2779	1.2468	1.3172	1.3194	1.341	1.3779	1.4014
2.9546	3.1831	3.5241	3.821	3.9608	4.28	4.7059	4.9884	5.3217	5.4068	5.4306	5.6527	5.8802	6.0642	6.1802	6.3727	6.5366	6.8614	7.4511	7.6185	8.0061	8.4804	8.8006	9.4249	9.338	9.8139	10.1161	10.3101	10.9617	11.0189	11.6808	11.8728	11.8206	14.0237	14.8442	15.0954	15.5691	16.166	16.2826	17.0807	18.4045	18.6645	18.7438	18.9815
6.8962	6.7664	6.7983	6.7421	6.6801	6.5865	6.6936	6.5129	6.5427	6.7201	6.5536	6.5535	6.4832	6.3953	6.3668	6.3003	6.2368	6.1622	6.0971	5.922	5.8944	5.9695	6.0865	6.1506	6.2843	6.4016	6.592	6.6575	6.7887	7.1727	7.5467	7.6452	8.0625	8.3747	8.4888	8.7423	9.1178	9.2947	9.6379	9.9602	10.3606	10.5544	10.9315	11.636
-999	-999	-999	-999	-999	-999	-999	-999	-999	-999	-999	-999	-999	-999	-999	-999	-999	-999	-999	-999	0.6946	0.7392	0.7958	0.8576	0.9391	1.0089	1.0313	1.0761	1.0724	1.0197	1.209	1.1193	1.1665	1.223	1.3256	1.328	1.3666	1.4555	1.4817	1.5385	1.5884	1.646	1.7368	1.8058
-999	-999	-999	-999	-999	-999	-999	-999	-999	-999	-999	-999	-999	-999	-999	-999	-999	-999	-999	-999	-999	-999	-999	-999	-999	-999	-999	-999	-999	1.4691	1.5126	1.5705	1.6401	1.715	1.7334	1.7777	1.8599	1.9474	2.0646	2.2285	1.9355	2.2762	2.8677	2.8863
33.1794	34.3443	35.8942	37.0304	38.56	40.5897	42.7652	44.7562	46.6302	48.8587	51.0554	53.5943	55.1115	55.2363	57.0928	57.627	59.6321	61.4027	63.5472	66.4215	69.6054	72.357	73.5196	71.7167	73.6929	76.8241	79.4262	79.9707	82.8334	86.0434	90.3396	93.2333	98.5323	101.3206	105.3104	106.1826	109.9274	113.1905	111.394	119.8834	126.7997	133.5539	134.0013	134.7084
1.2418	1.2597	1.3189	1.3553	1.388	1.4184	1.4544	1.4578	1.5242	1.5609	1.5499	1.5352	1.5386	1.6193	1.5607	1.6331	1.7405	1.655	1.6449	1.6864	1.6736	1.779	1.773	1.7609	1.8648	1.9099	2.0251	2.1384	2.2544	2.3979	2.5917	2.6318	2.557	2.7363	2.7916	2.7988	3.0027	3.1345	3.7593	3.8312	4.0569	4.0249	3.7118	3.9577
45.4289	46.1947	49.1838	50.9992	53.9715	55.8352	56.9929	60.2171	62.1858	65.3824	71.9223	78.2161	79.6419	86.4071	86.4001	89.9788	93.2384	97.0109	92.9016	90.9561	94.9808	88.5861	94.9379	98.1684	103.5436	105.8096	108.6697	107.9597	109.2645	109.0414	112.1521	110.0301	117.6545	128.4579	128.2508	127.3234	136.3376	146.8571	143.9653	141.7734	141.2776	139.3031	139.7393	147.0242
-999	-999	-999	-999	-999	-999	-999	-999	-999	-999	-999	-999	-999	-999	-999	-999	-999	-999	-999	-999	-999	-999	-999	-999	-999	-999	-999	-999	-999	-999	-999	-999	-999	-999	-999	-999	-999	-999	-999	-999	-999	0.6439	0.6772	0.7002
7.0278	7.15	7.366	7.4432	7.467	7.4758	7.702	7.8208	7.897	8.3651	8.4461	8.8259	9.1106	9.0834	9.4687	9.6052	9.4549	10.0459	10.0413	10.6294	10.6089	10.6018	10.2962	11.9345	11.9791	12.2712	12.5362	12.6774	14.0756	13.3055	13.938	15.1312	14.7091	14.7037	14.9788	16.0892	15.559	15.8093	16.3535	16.7092	16.6573	14.3204	14.6291	14.9875
7.5767	7.6457	7.6931	7.6672	7.6712	7.7483	7.7508	7.8386	7.9123	8.0152	8.1293	8.2507	8.4207	8.5855	8.7678	8.9814	9.1458	9.311	9.5154	9.7332	9.9327	10.0609	10.3338	10.5196	11.022	11.1583	11.2658	11.9966	12.7532	13.462	14.2165	14.9379	15.5279	16.4666	17.2431	17.8638	18.4956	19.1199	19.657	20.6624	21.8426	23.1812	24.0195	24.8339
0.7268	0.7463	0.7463	0.746	0.7774	0.7784	0.8261	0.8498	0.8841	0.8878	0.9059	0.9542	0.931	0.9677	0.9862	1.0763	1.1392	1.163	1.1989	1.2632	1.2938	1.3097	1.3158	1.4881	1.5663	1.7562	1.7308	1.8501	2.1152	2.1107	2.1057	2.1806	2.3028	2.327	2.3718	2.3668	2.457	2.5616	3.1156	3.1152	3.1332	3.123	3.2069	3.3013
1.6557	1.8093	1.886	2.101	2.1733	2.3184	2.5167	2.7634	3.0013	3.2679	3.3718	3.3178	3.7713	3.9959	4.1621	4.1044	4.1701	4.3807	4.3603	4.9469	4.8991	5.4479	5.3027	5.731	5.8043	6.0671	6.2577	6.8204	7.0499	7.3059	7.7111	7.8136	8.0276	8.4627	8.3144	8.7517	9.0388	9.4269	9.1578	10.2817	9.8135	10.2441	10.4127	10.5155
3.5115	3.7426	3.9615	4.1295	3.9033	4.3499	4.2807	4.316	4.3469	4.5325	4.6064	4.7242	4.8121	4.8798	4.9777	5.0649	5.1775	5.4573	5.4569	5.4199	5.5781	5.6708	5.6837	5.7296	5.828	5.7784	6.0263	6.0859	6.1386	6.3332	6.5392	6.7437	6.9649	7.1658	7.407	7.5836	7.603	7.8766	8.0922	8.4196	8.8817	9.3328	9.672	10.0643
5.4393	5.5409	5.8675	5.9439	5.9167	6.2459	6.0652	6.0265	6.1383	6.4926	6.5845	6.6349	6.8016	6.9197	7.4056	7.8308	8.5504	8.6575	8.8517	9.2973	9.8553	10.1766	9.7359	9.6661	9.8411	9.7998	9.7023	9.928	10.5877	10.0086	9.9816	9.8064	9.3783	9.163	9.6162	9.9071	9.7841	9.1735	9.3489	9.6023	10.2302	10.5754	10.8792	11.0519
22.565	23.3511	23.2008	23.6561	24.6539	25.2552	26.0573	27.5784	27.2191	28.0106	28.567	28.7876	30.0677	30.322	31.0018	32.783	33.6718	34.7397	35.3654	41.9572	42.7398	42.9401	43.6337	43.5584	45.9257	46.9341	49.0605	49.5342	50.2339	47.6523	49.0773	49.887	51.3176	52.63	54.3122	56.0925	57.6749	59.3546	60.3971	61.9912	64.9112	66.2343	66.3129	68.4265
191.9649	198.9959	206.898	214.1395	222.2565	230.9587	239.8518	251.3934	261.0127	272.9804	289.0089	305.9106	315.9912	328.5879	338.2605	350.7156	362.683	374.0853	378.5974	392.9138	405.9198	408.6035	421.0105	426.39	443.9918	457.4836	470.8277	479.3637	494.0449	495.5885	515.8235	526.886	548.8573	578.8098	599.5538	614.8149	639.9071	665.7075	676.1635	693.8418	709.7654	737.3645	749.6066	772.0793
5.6859	5.8728	6.3529	6.5617	6.727	7.1552	7.3247	7.5762	7.8759	8.4024	8.5743	9.0576	9.2752	9.4101	9.9509	10.6547	10.4889	11.527	12.1004	12.7378	12.5556	13.2525	13.9923	14.6143	15.9001	15.9943	16.7085	17.4181	17.6492	18.2619	19.9764	20.4536	21.5525	21.9514	22.7939	24.422	25.515	26.7803	28.1742	30.5129	31.6546	33.2171	33.9224	35.4232
0.1773	0.1755	0.3444	0.5938	0.7404	0.9762	1.0554	0.9864	1.0261	1.3497	1.2995	1.3971	1.4757	1.7004	1.7822	1.5652	1.6058	1.3349	1.55	1.7269	1.9527	2.0997	2.0212	1.8754	2.247	2.2619	2.3361	2.3263	2.3719	2.3845	2.2077	2.1574	2.5049	2.2967	2.2179	3.1515	3.2272	3.5427	3.0428	3.2403	3.8729	3.83	3.0422	3.554
-999	-999	-999	-999	-999	-999	-999	-999	-999	-999	-999	-999	-999	-999	-999	-999	-999	-999	-999	-999	-999	-999	-999	-999	2.8367	2.9669	3.0149	3.4322	3.4365	3.4124	3.4302	3.9944	4.1148	3.3893	3.4359	3.4294	3.4781	3.4887	5.0807	5.2992	5.5438	5.7761	5.9642	6.367
19.4135	20.1532	20.5901	21.5148	22.2591	23.6346	24.9078	26.7513	28.6209	30.3628	31.1776	32.5744	33.7797	34.6069	35.9991	35.4113	34.1077	34.7338	34.602	33.222	31.7038	27.713	25.4888	23.3086	21.985	19.3308	18.4149	17.1845	18.4087	19.7169	20.3695	19.5655	20.0289	20.4973	21.3359	21.5497	18.306	20.1709	19.9186	18.9058	13.9983	14.2551	10.8482	11.9112
151.8181	155.3297	159.7569	166.0287	171.9189	178.822	183.9451	186.4867	195.021	200.015	210.1384	218.2688	225.355	234.7022	246.9934	255.7237	265.4812	279.9297	293.124	305.7134	318.5114	330.1497	338.0522	351.0319	371.1987	382.5591	397.7358	407.2825	430.7552	440.8959	447.2156	460.5823	471.613	496.6988	516.1558	543.2778	573.9745	602.2075	663.2061	693.2382	722.6595	758.3993	775.9265	824.743
35.0465	36.4823	38.152	39.5544	41.1288	42.9936	47.77	51.1264	53.5088	55.7041	58.6232	60.0774	61.1784	63.5745	65.8256	72.613	74.9887	77.0326	81.4009	98.6481	103.4801	107.8688	118.4809	118.6377	130.8504	135.5966	140.1535	137.0888	143.6051	155.6559	159.3133	165.2284	165.6976	176.6392	179.7666	183.9945	183.1278	186.7511	201.8723	212.1069	204.3196	211.9817	217.5148	225.5132
6.0531	6.1266	6.0696	6.8609	7.2179	7.8374	7.9039	10.1637	11.9072	11.8938	12.6715	12.8479	14.973	15.4407	15.5482	17.4557	17.6572	18.5209	20.3304	21.8335	26.9377	29.7004	32.1164	31.9515	34.5698	38.2532	44.5209	42.3208	42.8707	48.8892	50.8789	52.5912	56.3458	60.5957	65.7293	66.09	72.3713	75.6525	71.8826	73.3818	76.5167	77.86	87.8069	89.7029
-999	-999	-999	-999	-999	-999	-999	-999	-999	-999	-999	-999	-999	-999	3.1223	3.366	3.5507	3.7835	3.5866	3.4083	3.8155	3.3398	3.1237	2.7012	2.6948	2.2698	2.2232	2.241	2.244	2.3966	2.4147	2.5856	2.5254	2.6005	2.9955	3.4081	3.5702	3.5838	3.7232	3.9424	4.3135	4.7727	5.2593	5.3748
7.9051	8.0399	7.9174	8.2412	8.3818	8.6918	8.876	8.9906	9.167	9.4223	9.5571	9.7553	9.8777	10.2272	10.9912	11.2103	10.7735	10.6546	10.9384	10.6794	10.5015	10.8273	10.7405	11.4172	11.8088	11.8313	12.0799	12.4076	12.4509	12.8422	12.5497	12.9736	14.0714	14.8457	14.8961	15.107	15.6744	15.1106	14.3159	14.0211	14.324	15.6567	16.6119	19.309
3.6577	3.7585	3.8728	3.951	4.0254	4.0984	4.2029	4.2963	4.4402	4.5618	4.6404	4.7684	4.9251	5.0492	5.0956	5.2666	5.3651	5.4906	5.5635	5.7892	5.9767	6.1223	6.2839	6.5069	6.7117	6.8731	7.0953	7.2796	7.6802	8.1077	8.3746	8.4674	8.707	8.8325	9.1316	9.131	9.3081	9.6337	9.9187	10.2106	10.5685	10.1022	11.2325	11.6897
17.038	17.4923	18.3685	19.4643	20.3497	20.5887	21.4677	22.3586	23.6449	24.7597	26.5387	28.1086	29.6455	30.6371	32.2669	33.6729	36.9953	38.835	41.0219	42.8998	43.9898	46.8559	49.2367	51.2596	53.538	56.344	57.8421	59.094	62.3956	64.0628	65.108	65.8395	68.8274	73.7875	76.5116	79.7054	83.9766	82.5669	83.8084	85.0203	85.6599	86.6508	88.7533	89.887
15.3266	15.4169	17.1697	17.2176	18.2578	19.1352	19.9376	20.2701	21.4691	22.4147	22.5331	23.127	25.154	22.6211	23.7628	23.7602	24.837	26.2697	27.6229	28.7091	28.6677	29.9718	29.9494	32.0939	33.6218	34.771	36.5936	37.6461	38.6436	39.99	38.2912	38.8146	38.9138	38.7894	38.8536	38.5694	38.6468	40.1051	38.1866	40.3971	40.6667	43.2547	44.7948	47.6732
2.7304	3.3781	3.7541	4.0047	3.7118	3.8831	4.1	5.2124	5.0789	5.132	5.3819	5.2588	5.8873	6.7089	6.7659	7.1908	7.6525	8.4846	8.4894	11.5264	13.065	14.8252	18.183	22.0887	18.8451	19.6728	22.0867	19.963	18.1606	18.6682	21.2937	21.1553	25.5808	30.711	21.5675	23.1705	21.4618	24.6525	21.236	25.4173	26.277	26.0221	26.3501	28.0149
3.7979	4.0454	4.1336	3.9276	4.1089	4.1364	4.0966	4.3206	4.4858	4.5345	4.625	4.8931	4.9178	5.0661	4.9956	5.161	5.3607	5.4375	5.4546	5.5162	5.5996	5.7458	6.0576	5.817	6.0051	6.7201	6.9643	7.0798	7.5601	8.3265	8.0495	8.1977	8.6819	8.798	9.0006	9.0825	9.2604	9.1146	9.0461	9.7413	10.4579	11.2546	10.0327	10.7113
10.0013	11.4965	13.1136	12.8636	14.3118	17.7876	19.3418	23.1518	25.4037	27.8998	25.8942	26.8798	30.4221	31.9551	33.1909	35.8215	38.7953	42.5126	44.8533	47.7471	51.5816	53.7292	57.5453	60.3397	63.5234	66.8383	70.5819	75.3971	78.5513	84.8401	88.9262	93.1849	96.4211	101.1593	102.3696	104.4154	110.0771	105.5903	102.7411	111.4446	109.3877	106.5333	108.2262	110.2318
13.6893	14.3695	15.6074	15.9408	17.3405	18.835	20.0543	20.8392	22.0132	22.002	22.2396	22.4882	20.6602	22.813	24.7384	25.9855	28.7043	32.73	36.6164	41.9439	45.5479	48.5279	51.2063	56.6235	61.924	69.2414	70.5317	66.1321	70.6025	72.2853	74.3882	82.2604	89.1112	96.2953	99.0054	100.9561	105.2345	108.1015	107.7013	117.8401	117.7008	126.1964	135.7162	134.756
13.2224	13.3449	13.9562	13.0871	13.9073	12.483	12.9697	13.3059	13.7641	14.3918	14.5743	15.1002	15.5873	15.7735	15.9665	16.7283	17.7011	17.8664	17.4638	17.866	18.1085	18.9012	20.5079	20.5226	21.8852	23.1122	24.9055	26.5414	27.3139	28.736	30.6455	33.4414	35.1107	38.9677	41.2517	42.2712	45.4849	48.6351	53.0632	58.9119	59.0554	59.83	61.6959	66.6205
5.6619	5.6499	6.0604	6.7571	6.5056	6.4236	6.8932	6.987	7.556	7.7455	8.0112	7.864	8.3275	8.4603	6.4259	6.4127	6.5384	6.5187	6.5877	6.8944	6.9292	6.7098	6.7428	7.0577	6.8986	7.6725	7.7097	7.8574	8.0238	8.2401	8.5186	8.6687	8.9833	9.3899	9.5131	9.7322	9.7218	10.4163	11.1138	12.2778	14.0329	17.2679	18.5703	19.6257
311.2249	321.1321	335.2198	346.5693	360.8928	377.4818	394.8467	412.8231	434.9827	450.5917	466.48	482.4666	501.4415	518.7463	543.4214	567.9995	590.6034	621.6622	651.3061	696.8615	728.9243	756.3401	789.729	817.8474	867.0442	902.3094	941.4986	948.6924	992.7237	1037.7123	1061.9514	1100.1619	1138.7915	1206.2452	1236.5318	1281.4637	1332.4164	1376.1038	1448.0314	1525.9097	1551.0097	1612.8609	1662.2682	1741.1081
391.0576	411.3337	426.6097	437.7213	483.3877	499.9405	544.5726	590.1019	599.8564	598.0188	593.4952	612.0674	636.4075	675.0508	691.3318	716.0396	752.7781	793.5498	810.0325	870.6816	847.9543	876.7898	928.7624	972.7315	1044.4097	1073.4575	1072.3257	1079.6869	1100.5584	1135.1018	1181.3088	1260.9516	1440.9875	1643.5954	1816.9833	1986.423	2148.3779	2216.0208	2367.5574	2614.8421	2804.5096	2910.9703	3004.9126	3051.5035
3.0015	3.1365	3.1709	3.4912	3.6291	4.0398	4.5735	5.0355	4.5295	4.6288	5.1577	5.6998	6.1673	6.2443	6.5802	7.5813	8.2038	9.2863	9.4457	8.6174	8.9393	10.621	10.5297	10.6312	10.5879	10.4351	10.0369	13.1039	16.0662	13.5903	14.165	13.1454	13.5236	12.7019	12.5669	13.2542	14.2379	13.9594	14.6942	13.6736	14.7599	14.2624	13.9547	14.2456
394.0591	414.4702	429.7806	441.2125	487.0167	503.9802	549.1461	595.1374	604.3859	602.6476	598.6528	617.7672	642.5748	681.2951	697.912	723.6209	760.982	802.8361	819.4782	879.299	856.8936	887.4108	939.2921	983.3627	1054.9976	1083.8926	1082.3625	1092.7908	1116.6247	1148.6921	1195.4738	1274.0971	1454.5111	1656.2973	1829.5501	1999.6772	2162.6158	2229.9802	2382.2517	2628.5158	2819.2696	2925.2327	3018.8673	3065.7491
33.6481	34.196	35.5886	36.3045	35.9346	37.1936	38.1828	38.9231	41.0995	41.8108	40.8296	41.0711	41.8237	43.3201	41.349	43.865	46.2706	47.8465	46.5074	46.0634	47.4844	49.9368	50.0824	53.2768	54.0444	56.0388	57.8331	59.8111	60.8355	61.5568	58.5562	56.9112	60.8945	66.5224	66.922	72.8058	73.749	77.661	75.5141	78.6667	80.5445	80.8291	83.0141	86.6158
1.0206	1.1282	1.1932	1.2779	1.4807	1.6219	1.7344	1.8802	2.0702	2.4445	2.566	2.6981	2.5594	2.5524	2.52	2.3822	2.2071	2.3063	2.4568	2.6106	2.6912	2.8505	3.0474	3.3545	3.7645	4.0473	4.4141	4.4618	4.3847	4.9051	3.8165	4.5753	4.7568	4.7626	5.1944	6.5012	5.2968	5.6334	5.868	6.3923	6.7507	7.7611	7.8031	8.3315
69.7822	74.7955	81.9791	87.2409	91.0882	95.613	98.812	105.143	111.7956	113.8511	109.2215	111.0483	113.8181	121.1421	129.3535	135.4043	140.6659	142.5638	145.4365	140.2069	142.8582	144.3477	147.96	155.7629	161.0947	169.6631	178.2761	182.5529	186.6907	187.4416	190.7118	195.7587	198.9765	210.0418	215.3319	222.8175	235.4598	248.5796	240.4536	265.8774	270.0395	281.7391	293.7289	303.2415
13.8517	13.8644	13.946	14.7696	15.4355	16.0502	16.5281	16.4601	16.0729	17.706	17.9348	18.4448	19.0479	19.6876	19.9897	21.7631	22.4999	23.1796	23.3676	24.2226	24.4867	25.0459	26.1995	27.1244	27.5987	28.2717	27.4314	28.727	25.6904	25.8135	25.7074	25.204	25.7336	25.9987	27.0837	28.4659	28.2893	29.6176	30.7033	31.2027	31.2517	31.5451	33.6541	34.0079
0.808	0.8629	0.939	0.9185	0.9951	1.0036	1.1683	1.2642	1.3059	1.2567	1.18	1.1506	1.1319	1.2279	1.2639	1.325	1.4119	1.4464	1.6102	1.6774	1.7799	2.2981	2.3449	2.3103	2.3575	2.3676	2.3977	2.3839	2.6288	2.8736	2.8908	3.0412	3.2642	3.867	3.8657	4.1827	4.5085	4.5859	4.5609	4.6461	4.655	4.7323	4.8429	4.9057
10.4877	10.0985	10.7861	11.4243	11.7281	12.3146	13.391	14.1883	14.5478	14.6416	14.726	14.925	15.728	15.3882	15.294	15.2412	15.889	16.6893	18.3137	17.4082	14.4047	12.6209	10.5417	10.864	10.8613	11.8601	12.1853	11.4227	11.8841	12.7374	12.4449	11.5963	11.5388	11.2778	10.6696	10.6529	10.141	10.7674	11.4137	12.3428	11.6055	11.9927	11.5328	11.6991
5.4701	5.3392	5.9808	5.5717	3.8421	4.2359	4.1984	3.7126	3.7411	3.9257	3.716	4.1059	4.3689	3.0175	1.7844	1.6945	1.4455	1.3099	1.3908	1.4584	1.4531	1.5113	1.2777	1.3013	1.3143	1.3493	2.377	2.7182	2.0469	2.1043	2.193	2.1529	2.0532	2.1713	2.0895	2.0594	2.3369	2.2358	2.2918	2.0387	2.423	2.0373	1.8039	1.9724
2.3406	2.7292	2.8668	3.0164	3.0808	3.1839	3.2577	3.3407	3.4713	3.4347	3.5535	3.6287	3.8582	4.0635	3.3865	3.5152	3.9818	3.8119	3.7593	4.0148	4.0469	4.4879	4.3497	4.9962	5.2474	5.477	6.1116	6.459	6.7182	7.2197	7.0019	7.4303	7.0326	6.3606	6.9148	7.1589	7.281	7.3014	7.1652	7.5301	7.6687	8.0976	7.6336	7.6421
2.2369	2.3182	2.3518	2.8493	3.142	3.4949	4.1891	4.3147	4.5552	4.9963	5.1971	5.595	5.1873	5.5545	5.6154	5.5918	5.726	5.9966	5.7333	6.33	6.6532	6.7362	6.2804	6.7211	7.8707	8.2899	8.6061	8.8429	7.9565	8.8157	9.355	9.1295	9.2652	8.9479	9.3375	9.3791	10.6107	9.775	11.6435	11.7695	12.4632	12.3041	13.2568	14.1806
1.752	1.873	1.9796	2.0241	2.2601	2.6099	2.6931	2.8515	2.7812	2.519	2.7217	2.8109	2.7018	2.7578	2.6243	2.2792	2.5435	2.3732	2.4329	2.4687	2.7143	2.8333	2.9825	3.1588	3.3588	3.21	3.5525	3.6544	3.792	3.9671	4.1505	4.2316	4.4173	4.3814	4.5076	4.7341	4.4786	4.4977	4.2126	4.2501	4.2911	4.2251	3.9888	4.0659
2.7345	2.8199	2.9456	3.0268	3.3322	3.5638	3.7791	3.8704	4.1058	3.7924	3.6886	3.6243	3.5022	3.7005	3.77	3.6196	3.8246	3.9782	4.1302	4.4111	4.5357	4.784	4.7682	5.0247	5.3204	5.4685	5.7221	6.2227	6.8354	7.0407	7.1883	7.2465	7.533	7.7581	7.7999	7.9218	8.5116	8.1573	9.3633	10.1944	10.9	11.0723	12.045	13.2181
1.5044	1.5498	1.5895	1.6556	1.7144	1.8174	1.8718	1.9515	2.0285	2.083	1.734	1.7976	1.8498	1.8674	1.8818	1.4641	1.5097	1.562	1.592	1.5605	1.5584	1.6183	1.5638	1.4365	1.6932	1.9436	2.048	2.0495	2.0768	2.0103	2.054	2.3092	2.218	2.2877	3.4061	3.5071	3.6748	3.7221	3.776	3.7966	3.9299	4.0723	4.0981	4.1529
1.3891	1.4206	1.4753	1.4983	1.5399	1.6019	1.6952	1.7388	1.7976	1.8705	1.8597	2.013	1.9739	2.0186	2.0012	2.0535	2.1649	2.2681	2.362	2.3796	2.4004	2.5035	2.5587	2.6562	2.824	2.8354	3.0972	3.3254	2.9237	2.991	3.2256	3.3561	3.6482	3.9322	4.11	3.9936	4.6897	4.6514	4.4569	4.5641	5.0602	5.1245	5.1995	5.3548
2.0104	2.5643	2.9166	2.7305	2.6817	2.432	2.3755	2.4688	2.5552	2.2785	2.3221	2.2888	2.0016	2.0062	1.7245	1.7522	1.7993	1.8345	2.3008	2.7846	2.7951	2.9421	2.9509	3.0085	3.2022	3.3747	3.3745	3.5071	3.605	3.8133	3.8252	3.5671	3.7162	3.7589	3.7135	4.1608	4.1844	3.5208	3.0199	2.6739	2.8523	2.7696	2.8779	2.8086
1.2175	1.2442	1.3493	1.4163	1.4726	1.5809	1.7398	1.6813	1.4173	1.5348	1.5762	1.6122	1.6806	1.8478	1.9314	1.9313	1.9507	1.8446	1.9776	2.0191	2.1426	2.2083	2.173	2.1961	2.2591	2.3006	2.4079	2.4213	2.456	2.5166	2.5386	2.6311	2.6928	2.8158	2.8614	2.8347	2.8818	2.914	2.9311	2.9561	3.0584	3.2869	3.5192	3.6626
1.6559	1.8646	2.0346	2.0009	1.6911	1.6752	1.6537	1.6203	1.7344	1.4124	1.5081	1.6517	1.7632	1.6154	1.5598	1.5852	1.6943	1.5781	1.4861	1.4909	1.6162	1.8423	1.8689	1.9681	1.9969	2.1345	2.2187	2.573	2.5361	2.569	2.9125	2.6463	2.6493	2.6133	2.9143	3.1139	3.0479	3.0557	3.3724	3.6087	3.9158	4.0429	3.9719	4.2129
1.3685	1.4038	1.5193	1.5069	1.474	1.5673	1.7041	1.9017	1.9293	2.0847	2.0812	2.1232	2.1721	2.2122	2.2588	2.3533	2.7163	2.9036	3.1637	3.0727	3.1722	3.1592	3.2803	3.5853	3.9256	4.0172	4.368	4.3116	4.1141	3.8512	3.9196	3.886	3.9656	4.0034	3.9595	4.0801	4.2287	4.4318	4.4898	4.8078	4.8758	4.997	4.9407	5.168
9.1281	9.1303	9.5112	10.0619	10.3551	10.5167	10.8978	10.5777	10.5409	11.2578	11.3275	11.5319	10.6037	10.8637	10.5801	10.7757	11.0639	10.8815	10.0431	9.7343	9.5488	9.2866	9.9138	10.2697	10.9712	11.2997	10.9379	11.5052	12.2571	12.2217	11.7951	11.8733	11.6379	12.8748	13.6447	13.2486	14.3351	15.0351	15.7619	18.6667	19	20.4468	20.37	23.7779
-999	-999	-999	-999	-999	-999	-999	-999	-999	-999	-999	-999	-999	-999	-999	-999	-999	-999	-999	-999	-999	-999	-999	-999	-999	-999	-999	-999	-999	0.6307	0.6753	0.4719	0.5035	0.5516	0.6321	0.6007	0.5684	0.6004	0.6029	0.7173	0.6987	0.7796	0.6919	0.6901
2.6375	2.6862	2.6388	2.6746	2.3214	2.5777	2.9202	3.5083	3.6339	3.8279	4.0643	4.0882	4.2374	4.7874	5.0908	5.3211	5.0064	5.4925	5.3331	5.9873	5.9506	6.5417	6.2606	6.297	6.1494	7.2724	6.8555	7.9601	9.2943	9.8392	10.988	11.9565	13.3717	14.0367	16.1162	17.9819	19.1257	18.5694	18.7711	20.0665	19.7433	19.2475	19.6001	19.568
2.4168	2.4631	2.3867	2.3506	2.4452	2.4812	2.4822	2.542	2.715	2.6433	2.5476	2.2634	2.0957	2.0135	1.9978	2.0613	2.1912	2.3489	2.4104	2.2512	2.4412	2.6978	2.5176	2.4049	2.572	2.8352	2.8806	2.9649	3.2362	3.0919	2.7116	2.5381	2.523	2.869	2.9572	3.1827	3.1655	4.1531	4.1301	4.087	4.4183	4.6373	4.6023	4.7131
17.8601	17.2771	19.0762	22.5545	23.0457	23.8992	25.5748	27.6034	28.5923	32.6685	35.0198	34.8876	37.6046	36.6977	36.3397	38.0194	38.0543	36.7483	37.744	39.5891	41.3502	46.2525	43.0756	49.9291	46.8404	49.9259	49.7034	52.3344	49.8938	51.273	53.0598	57.5894	52.9599	56.419	56.305	62.6545	58.0164	64.8843	65.02	72.3778	67.1948	73.0584	68.7599	67.4995
4.8575	5.0777	5.7539	5.2077	6.027	5.2233	6.4651	5.4901	5.5254	5.7747	4.1337	3.9257	3.4818	3.7208	3.6036	3.8839	4.1957	4.2573	4.502	5.0885	5.1246	4.9713	4.7465	4.8799	5.0117	5.0781	5.0895	5.4627	5.6186	5.0049	5.3487	5.322	5.4826	4.9607	5.0953	5.3778	5.6756	5.5842	5.7674	6.0852	6.2476	6.5962	7.0832	7.2593
190.1785	196.7067	210.8078	222.0819	227.0872	236.258	247.3142	257.0325	268.0162	277.8146	273.5091	277.2859	283.1917	292.0628	295.9202	307.8823	318.8125	323.2209	328.0532	326.83	331.2085	341.4762	340.744	362.5262	370.2784	389.0605	401.8881	415.6714	417.4748	424.2882	427.0701	435.4245	440.8344	463.2126	475.4318	501.4157	514.2574	539.9343	535.2895	579.3187	583.5881	605.395	619.0187	638.7483
1.4088	1.3684	2.0349	2.2695	2.1325	2.7196	2.4826	2.5374	3.0215	2.8053	3.1033	3.501	3.371	3.5971	4.1614	4.4482	4.276	4.8816	4.9304	5.2347	5.1529	5.6691	5.9747	6.3508	6.431	6.4288	7.247	7.614	7.544	7.9679	8.1879	8.4899	9.007	9.0412	10.3814	11.1217	11.6374	12.6158	12.2527	12.6665	12.6699	12.5569	13.7024	14.1578
16.6009	16.2848	20.6398	24.5383	26.6335	30.3078	33.9302	32.8588	37.2278	38.0586	42.858	50.1362	42.8255	49.8153	53.7885	54.1455	55.2313	56.4588	66.252	69.329	76.8559	80.9028	87.1061	96.7042	101.2112	97.6263	109.2575	111.2676	126.2211	123.0223	133.4733	138.0542	142.6678	155.586	172.6679	180.4624	190.9392	204.6195	204.2271	204.2826	208.3142	216.749	220.9647	237.0752
4.0154	4.2874	4.6525	5.0583	6.0892	7.537	7.7949	8.8829	10.5905	9.7232	9.6172	9.9667	12.0163	12.7066	14.7201	15.9168	15.8008	19.0525	20.9917	20.0434	15.9558	23.707	30.8568	34.9614	33.584	33.6244	40.0082	28.5429	22.0576	25.9633	29.0261	27.6017	25.3623	26.1012	26.4303	24.9387	25.3762	27.4874	32.9435	37.5112	41.041	45.8634	49.3563	49.481
0.4923	0.5396	0.6147	0.6492	0.7533	0.9683	0.9905	1.215	1.2475	1.5223	1.8959	2.1564	2.3414	2.5753	2.6174	2.8078	2.9774	2.9508	2.972	3.274	3.384	3.8017	3.7659	4.0374	4.3015	4.4134	4.5087	4.6624	4.6478	4.8657	4.8172	5.0599	5.1733	6.2181	6.6764	6.8536	7.209	7.069	7.458	7.1033	7.0659	7.8498	7.7274	8.1796
6.1222	6.763	7.1288	6.812	6.4816	7.0317	7.5934	8.2787	10.4285	10.4537	10.2981	11.4645	12.1779	12.6002	14.0273	15.1874	16.5262	20.1744	23.565	9.1092	2.6916	8.8232	12.2996	14.4288	14.792	14.5472	14.6947	16.7889	18.0183	18.7169	19.9758	20.5426	21.9004	23.3685	26.2817	25.6631	26.2648	28.7136	31.4102	32.0774	32.3813	37.1923	34.9341	33.8787
1.8483	1.9082	2.3784	2.4451	2.1642	2.3202	1.8144	2.1623	2.33	2.4735	2.3575	1.7862	1.9352	1.9738	2.3288	2.584	2.664	1.9795	1.9611	1.9539	2.4183	2.4506	3.5104	3.8461	4.4093	4.6497	5.2507	5.1594	5.3981	4.9071	5.2605	5.2269	5.2325	5.287	5.0423	4.7942	4.2251	5.4307	6.6484	6.3784	6.3464	7.1711	7.0714	7.4936
0.0849	0.087	0.0966	0.149	0.2389	0.3777	0.7448	0.5555	0.8432	1.1509	0.98	1.4859	1.3674	2.2483	2.1105	1.9875	2.2889	2.208	2.5639	4.2192	5.8399	5.4575	5.9332	6.0394	6.1006	6.2713	6.745	6.793	7.0404	7.5689	7.6777	8.073	8.6013	8.8075	9.9054	15.4304	17.6976	15.6535	15.8167	18.7184	22.0139	23.6733	24.4344	24.3271
0.9259	1.0183	1.4326	1.231	2.041	1.5282	1.7357	1.6217	2.8164	3.3118	4.1464	4.8097	4.9665	5.6254	5.6469	5.9983	6.1863	6.4688	6.628	6.5265	7.2218	7.5514	7.8355	7.8648	8.149	8.6468	10.1745	10.672	11.3179	10.9203	12.0677	13.6506	14.1321	16.664	16.6648	19.5908	22.136	22.7454	24.2338	27.6415	31.2926	38.0895	40.3436	44.0755
7.3581	6.2508	7.2329	8.0931	8.7689	10.1677	11.356	17.0792	22.4497	31.1005	42.3083	47.4113	51.8378	45.7045	45.9936	45.9456	54.9222	62.8755	62.8818	58.0045	67.5211	76.9268	79.8589	84.0288	84.5064	90.4585	86.2641	91.9306	93.5901	97.8569	100.4493	111.2512	112.5739	119.8025	122.5485	135.7956	140.3213	156.5402	166.6431	185.4891	178.1224	200.3488	192.1812	213.5052
2.3781	1.9795	2.0585	2.6468	3.0529	3.4574	3.8433	4.2016	5.4489	4.4652	5.3316	6.3952	7.3332	8.4408	7.832	8.0441	8.9455	9.2652	9.3	10.4653	11.4022	10.9086	10.9636	11.4393	12.098	12.7733	13.8692	15.4548	15.3868	15.4407	15.8406	16.4598	16.5425	17.2888	20.7918	21.6294	22.6408	23.1005	21.4915	21.6598	19.8919	14.8453	11.6366	10.8024
1.012	1.0511	1.3049	1.3412	1.9374	2.4609	4.1074	4.7703	5.5693	7.2321	8.871	9.6669	9.3143	12.0775	13.7174	15.5843	17.3	17.7448	20.4868	20.4241	23.4879	22.3569	23.5136	26.0537	27.6847	29.2299	30.8771	31.5754	32.2421	31.5222	40.2021	39.8754	39.2308	41.8527	44.4979	46.1979	50.14	59.3188	59.9531	61.69	64.336	68.3901	69.9486	70.4737
0.7353	0.5765	0.9706	0.7993	0.691	0.8409	0.9108	0.9619	0.9782	1.2718	1.254	1.4761	1.565	1.6422	1.7373	1.8819	2.231	2.3769	2.4379	2.5134	3.0588	3.3409	2.8919	3.0193	3.4173	3.4892	3.7075	3.9613	4.4712	4.7468	5.2648	5.1	5.6664	6.1848	6.5876	7.0527	6.9021	7.2787	8.0653	7.8034	6.6171	5.9851	8.2517	7.4248
42.9823	42.1146	50.5451	56.0329	60.9844	69.7173	77.3041	85.1253	102.9514	113.5687	133.0214	150.256	151.0515	159.007	168.6812	174.5312	189.3497	206.4366	224.9705	211.0971	224.9902	251.8963	274.51	298.7741	306.6851	312.1587	332.6043	334.4221	347.9355	353.4989	382.2431	399.3851	406.0902	436.2022	468.4761	499.5305	525.4895	570.573	591.1434	623.0218	630.0926	678.7147	680.5524	720.8748
-999	-999	-999	-999	-999	-999	-999	-999	-999	-999	-999	-999	-999	-999	-999	-999	-999	-999	-999	1644.9537	1647.4258	1608.5845	1606.3041	1599.5986	1648.3531	1705.6916	1688.7511	1698.3635	1684.2258	1694.9748	1735.0152	1732.4277	1769.1133	1787.5051	1793.312	1800.2789	1769.7674	1762.2461	1660.3335	1725.1884	1658.1671	1645.2495	1626.3651	1564.975
2774.045	2910.397	3061.675	3009.994	2919.151	3105.212	3174.031	3259.668	3323.906	3219.346	3132.052	3030.688	3035.319	3164.428	3221.041	3232.964	3334.62	3447.949	3505.091	3492.729	3528.577	3570.447	3616.998	3676.397	3743.899	3838.815	3853.061	3872.228	3940.122	4027.924	3993.328	4007.577	4037.152	4112.607	4126.353	4100.009	4107.221	4029.168	3827.225	3943.25	3841.668	3795.768	3826.614	3812.718
-999	-999	-999	-999	-999	-999	-999	-999	-999	-999	-999	-999	-999	-999	-999	-999	-999	-999	-999	4371.9019	4399.6853	4366.093	4368.1795	4333.3498	4380.5338	4468.8824	4455.0304	4460.1787	4549.113	4647.1898	4619.3314	4630.6795	4682.4736	4760.0002	4778.0587	4770.6817	4779.8104	4717.6326	4474.2259	4631.647	4563.5386	4535.6926	4555.4326	4523.6009
-999	-999	-999	-999	-999	-999	-999	-999	-999	-999	-999	-999	-999	-999	-999	-999	-999	-999	-999	7063.7405	7101.5603	7110.1101	7214.5975	7269.3804	7470.8956	7673.2374	7711.5262	7735.7705	7899.3099	8082.5616	8137.4899	8283.2127	8583.1304	8957.1011	9199.6186	9447.9171	9694.6705	9775.1754	9713.4096	10257.0149	10405.917	10560.0649	10684.4243	10783.2298
