0.05180739
0.05180739
0.054248997
0.056155424
0.056805673
0.058128848
0.059482842
0.063737014
0.056805673
0.063737014
0.076628745
0.080240146
0.080240146
0.080240146
0.080240146
0.073179883
0.07859442
0.080982599
0.084021748
0.085978866
0.087981571
0.085978866
0.086774419
0.087981571
0.08900035
0.090030925
0.094273952
0.096469874
0.09940122
0.101016359
0.102400499
0.093694001
0.105711281
0.11564169
0.134020347
0.145854315
0.147633236
0.170627375
0.134505906
0.147522412
0.168424808
0.163183955
0.16172308
0.157241138
0.126157246
